5 0.32625 0.32909604519774016 0.09375 0.1911487758945386
5 0.2215625 0.3130885122410546 0.138125 0.16854990583804141
5 0.5659375 0.36346516007532953 0.168125 0.11299435028248586
5 0.6934375 0.44868173258003763 0.134375 0.0951035781544256
5 0.74375 0.5687382297551788 0.0825 0.14689265536723162
5 0.906875 0.4816384180790961 0.0675 0.2024482109227872
5 0.814375 0.6982109227871939 0.0575 0.19491525423728814
5 0.5903125 0.198210922787194 0.068125 0.1120527306967985
5 0.48375 0.18832391713747648 0.06375 0.10546139359698682
5 0.3940625 0.06685499058380415 0.074375 0.10546139359698682
5 0.32875 0.1967984934086629 0.085 0.08662900188323917
5 0.7178125 0.1120527306967985 0.133125 0.1111111111111111
5 0.949375 0.23210922787193972 0.09125 0.2005649717514124
5 0.8140625 0.1544256120527307 0.128125 0.1581920903954802