18 0.6527777777777779 0.62993762993763 0.20424836601307192 0.28274428274428276
18 0.8496732026143791 0.6829521829521831 0.19281045751633985 0.29313929313929316
18 0.6143790849673203 0.83991683991684 0.27124183006535946 0.1995841995841996
18 0.31290849673202614 0.8097713097713098 0.2696078431372549 0.2016632016632017
18 0.3006535947712418 0.6091476091476092 0.19281045751633985 0.3201663201663202
18 0.14705882352941177 0.6153846153846154 0.15359477124183007 0.2910602910602911
18 0.1519607843137255 0.316008316008316 0.16013071895424835 0.25363825363825365
18 0.3112745098039216 0.2567567567567568 0.23366013071895422 0.17255717255717257
18 0.2826797385620915 0.14345114345114346 0.21895424836601307 0.1787941787941788
18 0.8153594771241831 0.27442827442827444 0.17973856209150327 0.22453222453222454
18 0.7173202614379085 0.3367983367983369 0.14052287581699346 0.23284823284823286
18 0.619281045751634 0.1340956340956341 0.21895424836601307 0.15592515592515593
18 0.5759803921568628 0.24948024948024952 0.21405228758169934 0.14553014553014554