25 0.5537037037037037 0.8506172839506172 0.1837962962962963 0.2987654320987654
25 0.8763888888888889 0.44614197530864197 0.22268518518518518 0.28672839506172837
25 0.658449074074074 0.4027777777777778 0.10856481481481481 0.16234567901234567
25 0.7467592592592592 0.4274691358024691 0.13842592592592592 0.15925925925925927
25 0.32476851851851846 0.17037037037037034 0.28055555555555556 0.295679012345679
25 0.5422453703703703 0.2569444444444444 0.2358796296296296 0.20956790123456787
25 0.33125 0.5796296296296296 0.12222222222222222 0.2765432098765432
25 0.14085648148148147 0.5918209876543209 0.18125 0.2799382716049383
25 0.19444444444444442 0.28780864197530864 0.2861111111111111 0.18302469135802468
25 0.5192129629629629 0.5035493827160493 0.1898148148148148 0.18796296296296294
25 0.7078703703703704 0.7699074074074074 0.12916666666666665 0.37376543209876545