10 0.20277777777777775 0.2447429906542056 0.05 0.16939252336448596
10 0.2561111111111111 0.2733644859813084 0.06555555555555555 0.20327102803738317
10 0.15611111111111112 0.26810747663551404 0.07222222222222222 0.2231308411214953
10 0.12666666666666665 0.8089953271028036 0.1 0.22780373831775702
10 0.36111111111111105 0.8317757009345794 0.07111111111111111 0.19859813084112152
10 0.43611111111111106 0.8002336448598131 0.06555555555555555 0.1939252336448598
10 0.7433333333333333 0.13084112149532712 0.08888888888888889 0.25934579439252337
10 0.5516666666666666 0.8551401869158879 0.15444444444444444 0.0911214953271028
10 0.04055555555555555 0.9024532710280374 0.07666666666666666 0.1810747663551402
10 0.5461111111111111 0.27920560747663553 0.052222222222222225 0.12850467289719625
10 0.3783333333333333 0.6407710280373832 0.056666666666666664 0.10864485981308411
10 0.6211111111111111 0.6980140186915889 0.10666666666666666 0.11799065420560748
10 0.7177777777777777 0.7780373831775701 0.10444444444444445 0.13317757009345793
10 0.8627777777777778 0.9135514018691588 0.08555555555555555 0.11214953271028037
10 0.935 0.9196495327102804 0.07222222222222228 0.14070093457943927
10 0.7977777777777777 0.9117990654205608 0.06888888888888889 0.10397196261682243
10 0.3516666666666666 0.21904205607476634 0.041111111111111105 0.0969626168224299
10 0.31222222222222223 0.29848130841121495 0.042222222222222223 0.10397196261682243
10 0.8833333333333333 0.12207943925233644 0.06666666666666667 0.22780373831775702
10 0.8166666666666665 0.6004672897196262 0.07555555555555556 0.18691588785046728
10 0.1938888888888889 0.7324766355140188 0.05 0.10981308411214954
10 0.7922222222222222 0.741822429906542 0.042222222222222223 0.0911214953271028
10 0.7583333333333333 0.8925233644859812 0.07666666666666666 0.07943925233644861
10 0.10777777777777776 0.07009345794392523 0.05111111111111111 0.13551401869158877
10 0.4533333333333333 0.27686915887850466 0.042222222222222223 0.06074766355140187