15 0.52 0.2653333333333333 0.20400000000000001 0.3973333333333333
15 0.6040000000000001 0.5586666666666666 0.268 0.2693333333333333
15 0.337 0.5213333333333333 0.24600000000000002 0.2693333333333333
15 0.338 0.25066666666666665 0.26 0.30933333333333335
15 0.12200000000000001 0.092 0.20800000000000002 0.17866666666666667
15 0.09600000000000002 0.304 0.188 0.2613333333333333
15 0.15100000000000002 0.5226666666666666 0.158 0.23466666666666666
15 0.7440000000000001 0.27466666666666667 0.18 0.3253333333333333
15 0.8630000000000001 0.5933333333333333 0.2539999999999999 0.2853333333333332
15 0.8180000000000001 0.8656666666666666 0.2880000000000001 0.24866666666666673
15 0.548 0.7906666666666666 0.20800000000000002 0.3813333333333333
15 0.30400000000000005 0.8723333333333333 0.32800000000000007 0.2353333333333333