25 0.7090000000000001 0.935 0.06199999999999989 0.11
25 0.1753333333333333 0.3313333333333333 0.050666666666666665 0.04666666666666667
25 0.2713333333333333 0.5133333333333333 0.044000000000000004 0.12266666666666666
25 0.4036666666666667 0.42666666666666664 0.06466666666666666 0.10666666666666666
25 0.5313333333333333 0.49333333333333335 0.03866666666666667 0.04533333333333333
25 0.5626666666666666 0.42333333333333334 0.037333333333333336 0.068
25 0.5116666666666666 0.6846666666666666 0.01 0.08666666666666666
25 0.5373333333333333 0.6593333333333333 0.022666666666666665 0.041333333333333326
25 0.5269999999999999 0.594 0.03 0.04933333333333333
25 0.444 0.634 0.026666666666666665 0.08666666666666666
25 0.4703333333333333 0.6346666666666667 0.012666666666666666 0.048
25 0.49200000000000005 0.6146666666666667 0.014666666666666666 0.042666666666666665
25 0.688 0.6326666666666667 0.029333333333333333 0.08933333333333333
25 0.731 0.6093333333333333 0.023333333333333334 0.06666666666666667
25 0.7826666666666666 0.5579999999999999 0.014666666666666666 0.036000000000000004
25 0.8296666666666667 0.5673333333333334 0.022000000000000002 0.10533333333333333
25 0.8740000000000001 0.5446666666666666 0.030666666666666665 0.07866666666666666
25 0.5926666666666667 0.7673333333333333 0.036000000000000004 0.08133333333333333