25 0.195 0.2025 0.054444444444444434 0.1
25 0.14222222222222222 0.2816666666666666 0.054444444444444434 0.06666666666666667
25 0.33333333333333326 0.7216666666666666 0.13 0.12
25 0.14638888888888887 0.7708333333333333 0.18388888888888888 0.1383333333333333
25 0.09944444444444445 0.6004166666666666 0.07555555555555556 0.06916666666666665
25 0.11361111111111111 0.4883333333333333 0.05722222222222222 0.065
25 0.08805555555555555 0.5504166666666667 0.042777777777777776 0.05083333333333333
25 0.3580555555555555 0.5004166666666666 0.08722222222222221 0.1425
25 0.5611111111111111 0.06708333333333333 0.06333333333333332 0.1325
25 0.485 0.5091666666666667 0.07333333333333333 0.065
25 0.08388888888888889 0.3908333333333333 0.06555555555555555 0.1
25 0.2513888888888889 0.5570833333333333 0.04944444444444444 0.08083333333333333
25 0.46194444444444444 0.6825 0.07277777777777777 0.11
25 0.5638888888888889 0.3620833333333333 0.11 0.0825
25 0.5586111111111111 0.29583333333333334 0.06277777777777778 0.05
25 0.5991666666666666 0.19 0.12944444444444442 0.09166666666666666
25 0.4055555555555555 0.2733333333333333 0.06555555555555555 0.065
25 0.36138888888888887 0.3220833333333333 0.06055555555555556 0.07583333333333334
25 0.43361111111111106 0.34541666666666665 0.09722222222222221 0.09083333333333332