3 0.3888363292336803 0.40990990990990994 0.15894039735099338 0.3153153153153153
3 0.575212866603595 0.39695945945945943 0.14758751182592242 0.2916666666666667
3 0.6428571428571429 0.4836711711711712 0.1977294228949858 0.30067567567567566
3 0.7805108798486282 0.5050675675675675 0.12677388836329234 0.1768018018018018
3 0.1650898770104068 0.6480855855855856 0.30179754020813626 0.20157657657657657
3 0.2403027436140019 0.46171171171171177 0.12298959318826869 0.10135135135135136
3 0.29564806054872284 0.5236486486486487 0.1466414380321665 0.1373873873873874
3 0.7327341532639546 0.05349099099099099 0.10501419110690634 0.10247747747747749
3 0.46168401135288556 0.20326576576576577 0.19867549668874174 0.08445945945945946
3 0.6863765373699148 0.21340090090090091 0.12771996215704826 0.12274774774774774
3 0.9117455061494798 0.38851351351351354 0.15650898770104063 0.09459459459459453
3 0.9391816461684012 0.34684684684684686 0.10163670766319768 0.13513513513513517
3 0.7242194891201514 0.7347972972972973 0.17123935666982024 0.12274774774774774
3 0.8970813623462629 0.9167342342342343 0.18583727530747396 0.14653153153153142
3 0.7043519394512772 0.9116666666666667 0.18826868495742674 0.15666666666666657
3 0.09224219489120151 0.49042792792792794 0.16177861873226113 0.125