25 0.07407407407407407 0.44020356234096686 0.11992945326278658 0.18320610687022898
25 0.6049382716049382 0.6399491094147582 0.1164021164021164 0.19083969465648856
25 0.9250440917107583 0.657760814249364 0.1146384479717813 0.1653944020356234
25 0.8412698412698413 0.6081424936386768 0.06701940035273368 0.12213740458015267
25 0.3589065255731922 0.30788804071246817 0.09700176366843033 0.10178117048346057
25 0.07583774250440917 0.6170483460559797 0.08112874779541446 0.15521628498727735
25 0.1384479717813051 0.8295165394402035 0.09347442680776014 0.13231552162849872
25 0.19929453262786595 0.6526717557251908 0.06701940035273368 0.15521628498727735
25 0.2204585537918871 0.40839694656488545 0.09876543209876543 0.17048346055979643
25 0.3095238095238095 0.10687022900763359 0.1710758377425044 0.16793893129770993
25 0.519400352733686 0.05216284987277354 0.19929453262786595 0.09923664122137404
25 0.8518518518518517 0.13104325699745545 0.15520282186948853 0.11959287531806616
25 0.8932980599647266 0.3638676844783715 0.18165784832451495 0.30025445292620867
25 0.6067019400352733 0.3371501272264631 0.1763668430335097 0.21628498727735368
25 0.689594356261023 0.3816793893129771 0.08818342151675485 0.17302798982188297
25 0.845679012345679 0.8881297709923665 0.10758377425044102 0.20374045801526705
25 0.6234567901234568 0.8295165394402035 0.1851851851851852 0.18320610687022898
25 0.30864197530864196 0.8728625954198473 0.18694885361552024 0.23427480916030533
25 0.3527336860670194 0.7264631043256997 0.1164021164021164 0.1297709923664122
25 0.3844797178130511 0.5916030534351145 0.10934744268077601 0.10432569974554708
25 0.517636684303351 0.589058524173028 0.10758377425044091 0.10432569974554708
25 0.4426807760141093 0.8002544529262086 0.09171075837742503 0.272264631043257