25 0.315 0.14269406392694065 0.15 0.20319634703196346
25 0.794 0.1506849315068493 0.18400000000000002 0.1461187214611872
25 0.42100000000000004 0.7899543378995433 0.17400000000000002 0.228310502283105
25 0.5780000000000001 0.4509132420091324 0.128 0.12557077625570776
25 0.07100000000000001 0.5068493150684931 0.138 0.1643835616438356
25 0.1 0.20205479452054792 0.09600000000000002 0.16666666666666663
25 0.21600000000000003 0.19292237442922375 0.10800000000000001 0.13926940639269406
25 0.559 0.2328767123287671 0.29400000000000004 0.2054794520547945
25 0.7760000000000001 0.47945205479452047 0.34 0.2146118721461187
25 0.804 0.6335616438356164 0.276 0.24429223744292236
25 0.435 0.5970319634703196 0.338 0.23972602739726023
25 0.688 0.8180593607305936 0.23599999999999993 0.34388127853881284