10 0.19766666666666666 0.17789553368660108 0.298 0.28160484481453446
10 0.551 0.20401211203633612 0.25666666666666665 0.30507191521574567
10 0.4463333333333333 0.2721423164269493 0.2366666666666667 0.1566994700984103
10 0.8240000000000001 0.19530658591975775 0.28 0.323996971990916
10 0.8713333333333333 0.646101438304315 0.14666666666666667 0.48978046934140806
10 0.5653333333333334 0.7744133232399697 0.4026666666666667 0.23012869038607117
10 0.623 0.5283875851627555 0.23133333333333334 0.19227857683573052
10 0.637 0.45495836487509467 0.23933333333333334 0.12112036336109008
10 0.49633333333333335 0.544663133989402 0.11666666666666665 0.19606358819076458
10 0.21866666666666668 0.45420136260408783 0.3493333333333333 0.12566237698713098
10 0.20566666666666666 0.38758516275548827 0.27666666666666667 0.09689629068887207
10 0.23633333333333334 0.6385314155942468 0.32866666666666666 0.17183951551854654
10 0.13466666666666666 0.7827403482210447 0.18133333333333332 0.22255866767600302
10 0.29133333333333333 0.7573807721423165 0.20800000000000002 0.13247539742619227