18 0.29625 0.4296435272045028 0.1075 0.1951219512195122
18 0.24125 0.5675422138836772 0.1375 0.16322701688555344
18 0.7475 0.798311444652908 0.135 0.1969981238273921
18 0.701875 0.7045028142589118 0.14875 0.10694183864915571
18 0.794375 0.5872420262664165 0.13625 0.1200750469043152
18 0.798125 0.4849906191369606 0.11625 0.1294559099437148
18 0.730625 0.5037523452157598 0.09875 0.174484052532833
18 0.854375 0.3414634146341463 0.06375 0.14634146341463414
18 0.425 0.3667917448405253 0.125 0.18198874296435272
18 0.5275 0.3949343339587241 0.1175 0.19324577861163228
18 0.616875 0.3602251407129456 0.09875 0.13133208255159473
18 0.581875 0.24577861163227016 0.11375 0.1425891181988743
18 0.87375 0.24765478424015008 0.1375 0.13133208255159473
18 0.915 0.8123827392120074 0.145 0.31144465290806755
18 0.66375 0.6125703564727955 0.1375 0.16322701688555344
18 0.543125 0.6097560975609756 0.12625 0.10131332082551595
18 0.728125 0.16604127579737335 0.10125 0.1294559099437148
18 0.5475 0.1848030018761726 0.1375 0.1294559099437148
18 0.483125 0.7842401500938085 0.20875 0.3039399624765478