21 0.636852394916911 0.608843537414966 0.14760508308895404 0.27891156462585037
21 0.13685239491691104 0.5462585034013606 0.21896383186705765 0.1782312925170068
21 0.2986314760508309 0.6748299319727892 0.11241446725317691 0.2557823129251701
21 0.23118279569892472 0.3891156462585035 0.14173998044965785 0.19863945578231296
21 0.3093841642228739 0.3081632653061225 0.1456500488758553 0.14285714285714288
21 0.48289345063538613 0.4530612244897959 0.12903225806451613 0.0816326530612245
21 0.6339198435972629 0.42312925170068033 0.1788856304985337 0.08979591836734695
21 0.7390029325513195 0.3653061224489796 0.06451612903225806 0.23537414965986397
21 0.873900293255132 0.5251700680272109 0.21896383186705765 0.16054421768707486
21 0.5747800586510263 0.8727891156462586 0.1485826001955034 0.09659863945578233
21 0.4535679374389051 0.8673469387755103 0.10166177908113391 0.09387755102040816
21 0.5254154447702835 0.9340136054421769 0.06744868035190615 0.09115646258503401
21 0.58455522971652 0.18231292517006803 0.08602150537634408 0.18775510204081633
21 0.45650048875855326 0.11904761904761905 0.14467253176930595 0.17006802721088438
21 0.596774193548387 0.291156462585034 0.0967741935483871 0.05714285714285714
21 0.5166177908113392 0.22857142857142856 0.06744868035190615 0.1197278911564626
21 0.48142717497556203 0.2469387755102041 0.10654936461388073 0.09931972789115648
21 0.3714565004887585 0.6306122448979593 0.08602150537634408 0.1510204081632653