23 0.5770000000000001 0.5626666666666666 0.11 0.2613333333333333
23 0.669 0.7373333333333334 0.17800000000000002 0.14133333333333334
23 0.28200000000000003 0.41733333333333333 0.14400000000000002 0.33333333333333337
23 0.38300000000000006 0.56 0.10200000000000001 0.256
23 0.452 0.2866666666666667 0.132 0.2533333333333333
23 0.532 0.12266666666666666 0.132 0.10666666666666666
23 0.496 0.45466666666666666 0.132 0.248
23 0.43300000000000005 0.7573333333333333 0.25 0.14933333333333335
23 0.91 0.7133333333333333 0.16 0.4346666666666667
23 0.802 0.4146666666666667 0.172 0.14133333333333334
23 0.695 0.5826666666666667 0.198 0.25866666666666666