25 0.35788651743883393 0.1644555002763958 0.05153565851119209 0.05804311774461028
25 0.35684539302446644 0.3711995577667219 0.039042165538781884 0.06246545052515201
25 0.5262883914627798 0.1976229961304588 0.03748047891723061 0.05693753454947484
25 0.5447683498178032 0.33333333333333337 0.04737116085372202 0.0685461580983969
25 0.6241540864133264 0.24599226091763404 0.04476834981780323 0.05638474295190713
25 0.6605934409161895 0.20398009950248755 0.03748047891723061 0.03427307904919845
25 0.2496095783446122 0.40574903261470424 0.07652264445601249 0.0652294085129906
25 0.18219677251431546 0.3706467661691542 0.09474232170744404 0.09342177998894417
25 0.28865174388339404 0.26257600884466553 0.07339927121290994 0.055279159756771695
25 0.3984903695991671 0.35461580983969043 0.0400832899531494 0.09010503040353786
25 0.13170223841749087 0.8466003316749585 0.08433107756376886 0.14870093974571585
25 0.08355023425299324 0.7482034273079049 0.057782404997397195 0.0912106135986733
25 0.6790733992712128 0.7172470978441128 0.10359187922956795 0.1818684355997789
25 0.5890161374284227 0.5674405749032614 0.10671525247267048 0.14870093974571585
25 0.6634565330557001 0.3504698728579326 0.05153565851119209 0.04754007739082366
25 0.418011452368558 0.23908236594803756 0.0739198334200937 0.05804311774461028
25 0.3453930244664237 0.2846876727473742 0.039042165538781884 0.05196241017136539