19 0.36125 0.19944444444444442 0.2925 0.15888888888888889
19 0.75375 0.28055555555555556 0.28583333333333333 0.17222222222222222
19 0.835 0.14 0.25666666666666665 0.17555555555555555
19 0.9016666666666666 0.5066666666666666 0.16166666666666665 0.44888888888888884
19 0.7245833333333332 0.6455555555555555 0.16083333333333333 0.40888888888888886
19 0.5441666666666667 0.5133333333333333 0.18333333333333332 0.4244444444444444
19 0.15291666666666667 0.12166666666666666 0.29583333333333334 0.2033333333333333
19 0.10833333333333332 0.3961111111111111 0.11833333333333332 0.35888888888888887
19 0.08041666666666666 0.756111111111111 0.0925 0.33444444444444443
19 0.18291666666666664 0.7733333333333333 0.13916666666666666 0.36
19 0.38791666666666663 0.6805555555555556 0.20416666666666664 0.5677777777777777
19 0.6233333333333333 0.9255555555555556 0.25 0.13333333333333333
19 0.4133333333333333 0.4183333333333333 0.08833333333333332 0.28555555555555556
19 0.315 0.3638888888888889 0.08833333333333332 0.15
19 0.5783333333333333 0.14222222222222222 0.2583333333333333 0.26666666666666666
19 0.8629166666666666 0.8577777777777778 0.22916666666666663 0.18888888888888888
19 0.8233333333333333 0.7544444444444445 0.08833333333333332 0.10666666666666666