10 0.2722222222222222 0.22936893203883496 0.4022222222222222 0.27427184466019416
10 0.61 0.17233009708737865 0.37111111111111106 0.20388349514563106
10 0.6933333333333332 0.11893203883495146 0.3377777777777778 0.1407766990291262
10 0.6944444444444444 0.44053398058252424 0.3044444444444444 0.20145631067961164
10 0.8077777777777777 0.3980582524271845 0.3088888888888889 0.1650485436893204
10 0.6933333333333332 0.6662621359223302 0.4444444444444444 0.14320388349514562
10 0.7155555555555556 0.7378640776699029 0.3644444444444444 0.16990291262135923
10 0.5677777777777777 0.7669902912621359 0.2644444444444444 0.2184466019417476
10 0.23222222222222222 0.7779126213592233 0.4066666666666666 0.2354368932038835
10 0.2733333333333333 0.5473300970873787 0.4711111111111111 0.16262135922330095
10 0.24777777777777776 0.40898058252427183 0.3222222222222222 0.13349514563106796