3 0.49348958333333337 0.53076171875 0.16927083333333337 0.2021484375
3 0.77734375 0.55419921875 0.34895833333333337 0.0927734375
3 0.8713020833333335 0.4716796875 0.23739583333333328 0.16796875
3 0.7890625 0.73828125 0.2421875 0.287109375
3 0.23307291666666669 0.66650390625 0.3359375 0.1435546875
3 0.32552083333333337 0.52197265625 0.27083333333333337 0.1220703125
3 0.39973958333333337 0.3671875 0.2604166666666667 0.125
3 0.5683593750000001 0.3291015625 0.16015625 0.140625
3 0.705078125 0.2744140625 0.12109375 0.1875
3 0.8372395833333335 0.13916015625 0.1171875 0.2275390625
3 0.5690104166666667 0.1416015625 0.15625000000000003 0.193359375
3 0.2109375 0.34521484375 0.27864583333333337 0.1044921875
3 0.189453125 0.43701171875 0.28515625000000006 0.0673828125