25 0.5078125 0.9494270833333335 0.1171875 0.08114583333333329
25 0.44677734375 0.40364583333333337 0.1318359375 0.12760416666666669
25 0.6025390625 0.37239583333333337 0.099609375 0.07291666666666667
25 0.47509765625 0.24153645833333337 0.0791015625 0.17317708333333337
25 0.32763671875 0.80859375 0.1435546875 0.24739583333333337
25 0.66796875 0.9377083333333335 0.107421875 0.10458333333333329
25 0.70458984375 0.6432291666666667 0.0712890625 0.109375
25 0.2177734375 0.33268229166666674 0.150390625 0.06640625000000001
25 0.15380859375 0.39127604166666674 0.1865234375 0.09765625
25 0.484375 0.7252604166666667 0.1015625 0.125
25 0.53759765625 0.8463541666666667 0.0810546875 0.07291666666666667
25 0.63916015625 0.8470052083333335 0.0810546875 0.04557291666666667
25 0.64697265625 0.7734375 0.0849609375 0.07552083333333334
25 0.54638671875 0.759765625 0.0732421875 0.06380208333333334
25 0.458984375 0.5104166666666667 0.166015625 0.13541666666666669
25 0.59375 0.5683593750000001 0.046875 0.06640625000000001
25 0.70751953125 0.7962239583333335 0.1083984375 0.13932291666666669
25 0.1875 0.6048177083333334 0.169921875 0.15755208333333334
25 0.140625 0.8595833333333335 0.16015625 0.2608333333333333