25 0.53515625 0.6532846715328466 0.15234375 0.13576642335766423
25 0.583984375 0.5547445255474452 0.044921875 0.08759124087591241
25 0.13037109375 0.948905109489051 0.0361328125 0.08759124087591241
25 0.14453125 0.8277372262773721 0.044921875 0.09343065693430656
25 0.1796875 0.8445255474452554 0.0390625 0.0656934306569343
25 0.40576171875 0.47591240875912405 0.0576171875 0.05547445255474452
25 0.39990234375 0.5817518248175182 0.0673828125 0.10656934306569342
25 0.67578125 0.6467153284671532 0.083984375 0.07591240875912408
25 0.9198046875 0.527007299270073 0.140390625 0.10510948905109486
25 0.82080078125 0.5605839416058394 0.0556640625 0.09343065693430656
25 0.62158203125 0.3489051094890511 0.0498046875 0.11970802919708028
25 0.66015625 0.5328467153284671 0.068359375 0.12554744525547445
25 0.72412109375 0.5605839416058394 0.0478515625 0.09051094890510948
25 0.24755859375 0.6810218978102189 0.0498046875 0.08321167883211679
25 0.30859375 0.7021897810218978 0.0703125 0.11970802919708028
25 0.197265625 0.7496350364963503 0.0390625 0.09197080291970802
25 0.25146484375 0.845985401459854 0.0400390625 0.09197080291970802
25 0.24853515625 0.49343065693430654 0.0654296875 0.06423357664233575
25 0.55322265625 0.40583941605839413 0.0673828125 0.16642335766423358
25 0.755859375 0.38321167883211676 0.048828125 0.16204379562043794
25 0.5380859375 0.7905109489051094 0.138671875 0.10072992700729927
25 0.67822265625 0.8941605839416057 0.1123046875 0.13284671532846715
25 0.46044921875 0.6883211678832116 0.0517578125 0.08613138686131386
25 0.3935546875 0.6759124087591241 0.068359375 0.09051094890510948
25 0.2236328125 0.6102189781021897 0.064453125 0.09051094890510948
25 0.251953125 0.38832116788321164 0.068359375 0.1021897810218978
25 0.2880859375 0.3248175182481752 0.07421875 0.12992700729927006
25 0.0830078125 0.5401459854014599 0.119140625 0.19854014598540143
25 0.052734375 0.7642335766423356 0.103515625 0.1795620437956204
25 0.3486328125 0.9284671532846714 0.166015625 0.12554744525547445
25 0.39404296875 0.810948905109489 0.1494140625 0.15620437956204378
25 0.4150390625 0.783941605839416 0.0703125 0.10802919708029196