25 0.7041666666666666 0.9324307862679956 0.08833333333333343 0.11513842746400883
25 0.6127777777777778 0.9147286821705426 0.12333333333333332 0.1705426356589147
25 0.2472222222222222 0.9379844961240309 0.07333333333333333 0.12403100775193797
25 0.5216666666666666 0.49667774086378735 0.06666666666666667 0.17165005537098557
25 0.46388888888888885 0.6622369878183831 0.08444444444444445 0.10188261351052048
25 0.10555555555555556 0.48837209302325574 0.06333333333333332 0.07751937984496124
25 0.1638888888888889 0.6052048726467331 0.1288888888888889 0.1495016611295681
25 0.5844444444444444 0.6699889258028793 0.07222222222222222 0.07751937984496124
25 0.6558333333333333 0.20044296788482835 0.06277777777777778 0.2104097452934662
25 0.7633333333333333 0.1256921373200443 0.07 0.20044296788482835
25 0.8633333333333333 0.2236987818383167 0.07111111111111111 0.19047619047619047
25 0.9552777777777777 0.30730897009966773 0.08722222222222221 0.13399778516057587
25 0.8697222222222222 0.4208194905869324 0.10277777777777777 0.20376522702104097
25 0.7569444444444444 0.45348837209302323 0.0761111111111111 0.13399778516057587
25 0.7272222222222221 0.6162790697674418 0.06444444444444444 0.18050941306755258
25 0.6644444444444444 0.42026578073089704 0.056666666666666664 0.11184939091915835
25 0.5877777777777777 0.3909191583610188 0.06333333333333332 0.24363233665559247
25 0.46166666666666667 0.14451827242524914 0.08888888888888889 0.20487264673311184
25 0.3658333333333333 0.10741971207087486 0.10722222222222222 0.19490586932447396
25 0.17916666666666664 0.4302325581395348 0.06722222222222221 0.11184939091915835
25 0.3169444444444444 0.4401993355481727 0.09722222222222221 0.17165005537098557
25 0.39166666666666666 0.42857142857142855 0.07111111111111111 0.1838316722037652
25 0.42166666666666663 0.3233665559246955 0.04333333333333333 0.22812846068660023
25 0.4575 0.37707641196013286 0.05388888888888888 0.18493909191583607
25 0.4297222222222222 0.5382059800664452 0.075 0.15503875968992248