25 0.6054545454545455 0.7597087378640777 0.07636363636363637 0.1650485436893204
25 0.4254545454545455 0.5036407766990291 0.08727272727272727 0.13349514563106796
25 0.8418181818181819 0.8578640776699029 0.09818181818181813 0.2642718446601941
25 0.879090909090909 0.7245145631067962 0.1290909090909091 0.08495145631067962
25 0.81 0.5764563106796117 0.11454545454545455 0.0703883495145631
25 0.22636363636363638 0.4769417475728155 0.12545454545454546 0.20145631067961164
25 0.07818181818181819 0.8422330097087379 0.13454545454545455 0.2815533980582524
25 0.20545454545454547 0.6783980582524272 0.061818181818181814 0.08009708737864077
25 0.2381818181818182 0.8058252427184466 0.08727272727272727 0.2087378640776699
25 0.3063636363636364 0.662621359223301 0.07818181818181819 0.0825242718446602
25 0.3536363636363637 0.6322815533980582 0.10727272727272728 0.10436893203883495
25 0.43363636363636365 0.8495145631067962 0.10363636363636364 0.2815533980582524
25 0.7245454545454545 0.7851941747572816 0.1 0.27427184466019416