3 0.7347457627118643 0.6777108433734941 0.24237288135593218 0.608433734939759
3 0.4567796610169491 0.34487951807228917 0.2627118644067796 0.34036144578313254
3 0.32881355932203393 0.15813253012048195 0.34576271186440677 0.2620481927710843
3 0.09576271186440678 0.4021084337349398 0.18813559322033896 0.3222891566265061
3 0.2966101694915254 0.7374698795180723 0.21355932203389827 0.5050602409638553
3 0.48559322033898306 0.8233132530120483 0.19830508474576264 0.3333734939759036
3 0.5627118644067797 0.6265060240963856 0.1966101694915254 0.3734939759036145
3 0.9042372881355932 0.7861445783132531 0.14745762711864407 0.4216867469879519
3 0.8677966101694915 0.5210843373493976 0.1966101694915254 0.3734939759036145
3 0.7661016949152543 0.2605421686746988 0.18983050847457628 0.19578313253012047
3 0.5949152542372881 0.11746987951807229 0.17288135593220338 0.12048192771084337