21 0.74267578125 0.6569010416666667 0.1279296875 0.21484375
21 0.55078125 0.7923177083333335 0.111328125 0.16015625
21 0.59228515625 0.5748697916666667 0.1650390625 0.14713541666666669
21 0.380859375 0.7532552083333335 0.12109375 0.16015625
21 0.1005859375 0.41731770833333337 0.12109375 0.16276041666666669
21 0.7197265625 0.12239583333333334 0.099609375 0.125
21 0.6201171875 0.07486979166666667 0.091796875 0.14713541666666669
21 0.3955078125 0.5397135416666667 0.119140625 0.19140625
21 0.197265625 0.5442708333333334 0.099609375 0.2109375
21 0.49169921875 0.8404947916666667 0.1103515625 0.20442708333333337
21 0.6630859375 0.70703125 0.0859375 0.12239583333333334
21 0.64453125 0.46354166666666674 0.0859375 0.06510416666666667
21 0.064453125 0.2975260416666667 0.1171875 0.13671875000000003
21 0.2470703125 0.7565104166666667 0.1171875 0.08333333333333334