22 0.7583607456140351 0.450109649122807 0.07867324561403509 0.15460526315789472
22 0.26027960526315785 0.37938596491228066 0.09841008771929824 0.09649122807017543
22 0.34635416666666663 0.7090643274853801 0.0649671052631579 0.14181286549707603
22 0.8497807017543859 0.23300438596491227 0.07785087719298245 0.16337719298245612
22 0.7109375 0.13596491228070173 0.14830043859649122 0.08552631578947369
22 0.41584429824561403 0.16392543859649122 0.12938596491228072 0.08223684210526315
22 0.35964912280701755 0.25493421052631576 0.0882675438596491 0.11878654970760234
22 0.6962719298245613 0.6334064327485379 0.0581140350877193 0.12134502923976606
22 0.6306195175438596 0.6584429824561403 0.08908991228070175 0.12390350877192981
22 0.5822368421052632 0.32108918128654973 0.06962719298245613 0.1297514619883041
22 0.5248081140350876 0.3223684210526316 0.07757675438596491 0.14400584795321636
22 0.6996984649122807 0.30025584795321636 0.11869517543859649 0.18823099415204678