29 0.12666666666666665 0.17491166077738515 0.1111111111111111 0.3215547703180212
29 0.11222222222222221 0.5600706713780919 0.14888888888888888 0.3639575971731449
29 0.3533333333333333 0.6501766784452297 0.28888888888888886 0.5795053003533569
29 0.751111111111111 0.19964664310954064 0.3111111111111111 0.31448763250883394
29 0.5955555555555556 0.7882862190812722 0.2177777777777778 0.40342756183745576
29 0.5488888888888889 0.42226148409893993 0.22666666666666666 0.3568904593639576
29 0.8166666666666665 0.5477031802120141 0.24222222222222223 0.30388692579505305
29 0.38666666666666666 0.2137809187279152 0.10222222222222221 0.2932862190812721
29 0.052222222222222225 0.19787985865724383 0.1 0.3180212014134276
29 0.7944444444444444 0.8483568904593639 0.20666666666666658 0.28328621908127205
29 0.9416666666666665 0.8766254416961131 0.09666666666666672 0.22674911660777383