14 0.30150000000000005 0.6713333333333332 0.115 0.15866666666666668
14 0.544 0.696 0.14400000000000002 0.21600000000000003
14 0.5505 0.5226666666666666 0.131 0.11733333333333333
14 0.4225 0.43333333333333335 0.117 0.13866666666666666
14 0.34550000000000003 0.43200000000000005 0.061000000000000006 0.09866666666666667
14 0.285 0.42266666666666663 0.07400000000000001 0.12533333333333332
14 0.23700000000000002 0.544 0.12 0.15733333333333333
14 0.5665 0.406 0.117 0.1
14 0.516 0.33333333333333337 0.07 0.13866666666666666
14 0.596 0.31933333333333336 0.09 0.12666666666666665
14 0.7354999999999999 0.32799999999999996 0.125 0.11466666666666667
14 0.7575 0.41600000000000004 0.14300000000000002 0.09066666666666666
14 0.8355000000000001 0.35533333333333333 0.069 0.07866666666666666
14 0.754 0.5586666666666666 0.15600000000000003 0.10400000000000001
14 0.8560000000000001 0.5693333333333332 0.07400000000000001 0.10666666666666666
14 0.8355000000000001 0.6920000000000001 0.099 0.15733333333333333
14 0.47450000000000003 0.8333333333333333 0.185 0.17066666666666666
14 0.298 0.8340000000000001 0.17600000000000002 0.17466666666666664
14 0.115 0.6913333333333332 0.11 0.14
14 0.075 0.5693333333333332 0.09200000000000001 0.11199999999999999