25 0.34283088235294124 0.8317307692307694 0.13051470588235295 0.1826923076923077
25 0.5827205882352942 0.4759615384615385 0.09926470588235295 0.05576923076923077
25 0.7288602941176471 0.6346153846153847 0.05330882352941177 0.05769230769230769
25 0.5643382352941176 0.3490384615384615 0.10661764705882354 0.1403846153846154
25 0.2334558823529412 0.4134615384615385 0.23529411764705885 0.14615384615384616
25 0.39522058823529416 0.24230769230769234 0.17647058823529413 0.16153846153846152
25 0.5569852941176471 0.1528846153846154 0.07352941176470588 0.14807692307692308
25 0.44852941176470595 0.4807692307692308 0.11397058823529413 0.1
25 0.6544117647058825 0.7673076923076924 0.11397058823529413 0.09230769230769231
25 0.6488970588235294 0.6336538461538462 0.08455882352941177 0.05576923076923077
25 0.36764705882352944 0.6009615384615384 0.04779411764705882 0.06346153846153847
25 0.2886029411764706 0.6865384615384617 0.08823529411764706 0.1