18 0.2633333333333333 0.5809178743961353 0.22444444444444442 0.32608695652173914
18 0.37111111111111106 0.7463768115942028 0.2311111111111111 0.21256038647342992
18 0.13444444444444442 0.7367149758454106 0.20666666666666664 0.2318840579710145
18 0.801111111111111 0.5966183574879227 0.20222222222222222 0.2560386473429952
18 0.5933333333333333 0.6739130434782608 0.21333333333333332 0.17391304347826086
18 0.8466666666666666 0.7801932367149759 0.20444444444444443 0.18357487922705315
18 0.48 0.2113526570048309 0.1733333333333333 0.16183574879227053
18 0.6977777777777777 0.22826086956521738 0.2533333333333333 0.2004830917874396
18 0.59 0.39251207729468596 0.14888888888888888 0.23429951690821255
18 0.4122222222222222 0.3490338164251207 0.1622222222222222 0.2536231884057971
18 0.2711111111111111 0.27777777777777773 0.2711111111111111 0.15458937198067632
18 0.32 0.1280193236714976 0.19111111111111112 0.18840579710144925