5 0.43839285714285714 0.5066666666666666 0.17321428571428574 0.26
5 0.5803571428571428 0.69 0.17857142857142858 0.19666666666666666
5 0.6857142857142857 0.43666666666666665 0.2142857142857143 0.29
5 0.837857142857143 0.5591666666666666 0.30428571428571416 0.1916666666666667
5 0.28035714285714286 0.6216666666666666 0.275 0.22666666666666666
5 0.25 0.8333333333333333 0.3285714285714286 0.22333333333333333
5 0.49910714285714286 0.9533333333333333 0.17321428571428568 0.07333333333333343
5 0.6776785714285714 0.8416666666666666 0.10535714285714287 0.1733333333333333
5 0.8869642857142856 0.8683333333333333 0.2060714285714286 0.23333333333333342
5 0.2723214285714286 0.4108333333333333 0.13392857142857142 0.14166666666666666
5 0.058928571428571434 0.3483333333333333 0.11428571428571428 0.16666666666666663
5 0.4857142857142857 0.0975 0.15 0.19166666666666665