18 0.535 0.4305816135084427 0.215 0.37335834896810505
18 0.348125 0.4418386491557223 0.18625 0.3320825515947467
18 0.474375 0.7307692307692306 0.21875 0.27954971857410876
18 0.201875 0.624765478424015 0.30375 0.36397748592870544
18 0.185 0.27861163227016883 0.3 0.4333958724202626
18 0.435625 0.22795497185741087 0.24625 0.30956848030018763
18 0.684375 0.3424015009380863 0.27125 0.3771106941838649
18 0.71125 0.7045028142589118 0.1775 0.28330206378986866
18 0.66875 0.5281425891181989 0.2075 0.2195121951219512
18 0.821875 0.6454033771106942 0.15375 0.28893058161350843
18 0.5975 0.7833020637898686 0.41 0.3883677298311444