19 0.3985339506172839 0.7849794238683129 0.09413580246913579 0.24279835390946503
19 0.5333719135802469 0.7746913580246914 0.12075617283950617 0.26337448559670784
19 0.5140817901234568 0.525462962962963 0.04822530864197531 0.1476337448559671
19 0.6153549382716049 0.35905349794238683 0.10108024691358024 0.14300411522633744
19 0.8711419753086419 0.8428497942386832 0.13271604938271606 0.2618312757201646
19 0.7654320987654321 0.6015946502057613 0.07098765432098765 0.1527777777777778
19 0.1415895061728395 0.43132716049382713 0.09645061728395062 0.3523662551440329
19 0.21527777777777776 0.14943415637860083 0.11342592592592592 0.2957818930041152
19 0.22935956790123455 0.34156378600823045 0.05671296296296296 0.11728395061728396
21 0.3946759259259259 0.41769547325102885 0.07484567901234568 0.13786008230452673
21 0.7058256172839507 0.29783950617283955 0.04822530864197531 0.22325102880658437
21 0.9629783950617283 0.6309156378600822 0.0540432098765433 0.169238683127572
19 0.33622685185185186 0.25385802469135804 0.07368827160493827 0.22479423868312756
21 0.519483024691358 0.35905349794238683 0.0806327160493827 0.13991769547325103
21 0.8136574074074073 0.27006172839506176 0.07098765432098765 0.102880658436214
21 0.8076774691358024 0.17258230452674897 0.07368827160493827 0.08487654320987655
21 0.054783950617283944 0.7602880658436214 0.09413580246913579 0.1769547325102881
19 0.4562114197530864 0.07844650205761317 0.09143518518518517 0.1219135802469136
21 0.9373070987654321 0.2569444444444445 0.06520061728395062 0.19598765432098766