5 0.04286964129483814 0.7911318553092183 0.08223972003499562 0.17969661610268378
5 0.11811023622047243 0.6831971995332556 0.06999125109361329 0.09451575262543757
5 0.26727909011373574 0.7998833138856476 0.20559930008748903 0.2368728121353559
5 0.43657042869641294 0.8319719953325554 0.10323709536307961 0.15635939323220538
5 0.5861767279090113 0.8004667444574096 0.20297462817147857 0.2193698949824971
5 0.7957130358705161 0.8442240373395566 0.18460192475940507 0.20420070011668615
5 0.7454068241469816 0.6149358226371062 0.06999125109361329 0.15869311551925322
5 0.8136482939632544 0.6254375729288215 0.1242344706911636 0.14002333722287047
5 0.858267716535433 0.5974329054842474 0.12948381452318458 0.14702450408401402
5 0.8928258967629046 0.3430571761960327 0.06386701662292213 0.14002333722287047
5 0.7987751531058618 0.36756126021003505 0.13123359580052493 0.16802800466744458
5 0.6867891513560805 0.3844807467911318 0.13998250218722658 0.09918319719953325
5 0.3359580052493438 0.29171528588098017 0.13823272090988625 0.19369894982497082
5 0.4960629921259842 0.2847141190198366 0.15923009623797024 0.29404900816802804
5 0.6251093613298337 0.08868144690781797 0.1163604549431321 0.14935822637106186