18 0.7461538461538462 0.6464471403812826 0.1630769230769231 0.1906412478336222
18 0.8665384615384616 0.6676776429809359 0.15923076923076923 0.18804159445407279
18 0.7123076923076924 0.7868284228769498 0.21692307692307694 0.16464471403812828
18 0.791923076923077 0.15381282495667245 0.17615384615384616 0.24870017331022531
18 0.6842307692307692 0.23830155979202775 0.1976923076923077 0.19584055459272098
18 0.8746153846153847 0.2400346620450607 0.21846153846153846 0.18717504332755636
18 0.465 0.5723570190641248 0.1776923076923077 0.16204506065857885
18 0.48384615384615387 0.45753899480069327 0.12461538461538461 0.1247833622183709
18 0.5657692307692308 0.5810225303292894 0.10230769230769232 0.14471403812824957
18 0.15346153846153845 0.7244367417677644 0.1930769230769231 0.16811091854419413
18 0.19230769230769235 0.6052859618717504 0.1953846153846154 0.13604852686308494
18 0.29615384615384616 0.7751299826689775 0.15384615384615385 0.18457538994800693
18 0.1780769230769231 0.3401213171577123 0.2823076923076923 0.2348353552859619
18 0.2561538461538462 0.14904679376083188 0.21692307692307694 0.2807625649913345
18 0.42269230769230776 0.25043327556325823 0.2576923076923077 0.25996533795493937