22 0.54345703125 0.6197916666666667 0.1982421875 0.41145833333333337
22 0.81591796875 0.25976562500000006 0.1318359375 0.20182291666666669
22 0.8681640625 0.5240885416666667 0.177734375 0.23307291666666669
22 0.75 0.6158854166666667 0.171875 0.28906250000000006
22 0.67724609375 0.494140625 0.0810546875 0.12890625000000003
22 0.693359375 0.31575520833333337 0.08984375 0.17317708333333337
22 0.53857421875 0.19075520833333337 0.2724609375 0.34244791666666674
22 0.48681640625 0.48177083333333337 0.1103515625 0.19270833333333337
22 0.3828125 0.49283854166666674 0.1484375 0.23567708333333337
22 0.220703125 0.40690104166666674 0.35546875 0.32682291666666674
22 0.39599609375 0.29101562500000006 0.1435546875 0.14192708333333334