5 0.7222222222222223 0.37777777777777777 0.09444444444444444 0.2037037037037037
5 0.7854166666666668 0.5379629629629629 0.14861111111111114 0.08333333333333331
5 0.8861111111111112 0.5416666666666666 0.13333333333333333 0.18333333333333332
5 0.7083333333333335 0.5435185185185185 0.09444444444444444 0.13518518518518519
5 0.5881944444444445 0.7453703703703703 0.15972222222222224 0.13888888888888887
5 0.48263888888888895 0.7481481481481481 0.1125 0.15185185185185185
5 0.525 0.6287037037037037 0.15 0.10185185185185185
5 0.30972222222222223 0.6851851851851852 0.11666666666666668 0.1814814814814815
5 0.19305555555555556 0.6148148148148148 0.13611111111111113 0.0925925925925926
5 0.2048611111111111 0.5416666666666666 0.14027777777777778 0.13148148148148148
5 0.2888888888888889 0.5175925925925926 0.07222222222222223 0.1537037037037037
5 0.2729166666666667 0.3 0.12083333333333333 0.1037037037037037
5 0.19444444444444448 0.17685185185185184 0.14722222222222223 0.07222222222222222
5 0.29097222222222224 0.09814814814814815 0.06527777777777778 0.15925925925925927
5 0.47013888888888894 0.22407407407407404 0.10694444444444445 0.14444444444444443
5 0.5652777777777778 0.3101851851851852 0.1 0.17222222222222222