4 0.6658057851239669 0.34066358024691357 0.16322314049586775 0.22993827160493827
4 0.8620867768595042 0.3773148148148148 0.20454545454545456 0.3341049382716049
4 0.9658161157024793 0.4409722222222222 0.04836776859504127 0.10339506172839506
4 0.8419421487603306 0.5883487654320987 0.14359504132231404 0.11265432098765432
4 0.6802685950413223 0.6354166666666666 0.18181818181818182 0.14506172839506173
4 0.5289256198347108 0.15316358024691357 0.259297520661157 0.30092592592592593
4 0.7197830578512396 0.05516975308641975 0.12138429752066117 0.10956790123456789
4 0.38171487603305787 0.3402777777777778 0.16115702479338842 0.1597222222222222
4 0.5320247933884298 0.6641589506172839 0.10847107438016529 0.16550925925925924
4 0.929142561983471 0.5266203703703703 0.12171487603305792 0.11419753086419761
4 0.27737603305785125 0.12962962962962962 0.22727272727272727 0.24614197530864196