18 0.46826774691358025 0.8333333333333333 0.1576003086419753 0.2795138888888889
18 0.7259837962962962 0.5989583333333334 0.16493055555555552 0.265625
18 0.7871334876543209 0.43070023148148145 0.14834104938271606 0.1652199074074074
18 0.8903356481481481 0.6258680555555556 0.18460648148148148 0.2355324074074074
18 0.5243055555555555 0.6487268518518519 0.1909722222222222 0.1597222222222222
18 0.3653549382716049 0.7024016203703703 0.16165123456790123 0.24797453703703703
18 0.1900077160493827 0.7243923611111112 0.14506172839506173 0.21498842592592593
18 0.1476658950617284 0.5102719907407408 0.1745756172839506 0.1941550925925926
18 0.5525655864197531 0.4292534722222222 0.16685956790123455 0.23524305555555558
18 0.5543981481481481 0.24696180555555558 0.1442901234567901 0.21383101851851852
18 0.4247685185185185 0.2763310185185185 0.14621913580246912 0.23726851851851852
18 0.24209104938271606 0.34953703703703703 0.1419753086419753 0.2008101851851852
18 0.3133680555555555 0.19502314814814817 0.1101466049382716 0.1736111111111111
18 0.10088734567901234 0.6514756944444444 0.14506172839506173 0.20688657407407407