10 0.35481770833333326 0.5323893229166667 0.12890625 0.3349609375
10 0.27994791666666663 0.162109375 0.13020833333333331 0.3190104166666667
10 0.673828125 0.15852864583333334 0.20703125 0.3033854166666667
10 0.8943142361111112 0.19368489583333337 0.1636284722222222 0.35286458333333337
10 0.9077690972222221 0.6652018229166667 0.11762152777777776 0.25618489583333337
10 0.2250434027777778 0.4765625 0.2591145833333333 0.25325520833333337
10 0.47005208333333326 0.8299153645833335 0.09375 0.07324218750000001
10 0.2536892361111111 0.818359375 0.11762152777777776 0.080078125
10 0.4483506944444444 0.9588671875 0.11979166666666671 0.062265625
10 0.6801215277777777 0.91748046875 0.048611111111111105 0.0830078125
10 0.09418402777777776 0.8478190104166667 0.07552083333333333 0.11555989583333334
10 0.583767361111111 0.8844401041666667 0.11631944444444445 0.06510416666666667
10 0.6495225694444444 0.7565104166666667 0.0881076388888889 0.083984375
10 0.7068142361111112 0.77001953125 0.054253472222222224 0.0986328125
10 0.765625 0.7569986979166667 0.1076388888888889 0.09147135416666669
10 0.8860677083333333 0.8193359375 0.0881076388888889 0.07552083333333334
10 0.931640625 0.9013671875 0.05859375 0.10286458333333334
10 0.8956163194444444 0.9530078125 0.06293402777777772 0.073984375
10 0.3309461805555556 0.896484375 0.07855902777777778 0.09765625
10 0.11870659722222221 0.7259114583333335 0.12456597222222221 0.0546875
10 0.08506944444444445 0.2692057291666667 0.11631944444444445 0.16145833333333337