28 0.2958211143695015 0.6288546255506607 0.16422287390029325 0.20594713656387664
28 0.6301319648093842 0.49724669603524224 0.13636363636363635 0.16299559471365638
28 0.3680351906158358 0.23348017621145373 0.10483870967741936 0.14647577092511013
28 0.4879032258064517 0.10352422907488985 0.1378299120234604 0.13325991189427314
28 0.6279325513196481 0.31607929515418504 0.11436950146627567 0.1354625550660793
28 0.0718475073313783 0.22687224669603523 0.12243401759530792 0.1398678414096916
28 0.2206744868035191 0.4256607929515418 0.1400293255131965 0.11674008810572686
28 0.8005865102639297 0.8535242290748899 0.1092375366568915 0.11123348017621146
28 0.6282991202346042 0.15363436123348018 0.07844574780058651 0.09911894273127754
28 0.5548020527859238 0.9550770925110131 0.1345307917888563 0.06984581497797365
28 0.33119501466275664 0.0642896475770925 0.10813782991202346 0.12802863436123346
28 0.3284457478005865 0.7946035242290749 0.11510263929618769 0.1960352422907489
28 0.5480205278592376 0.18612334801762112 0.08944281524926687 0.13105726872246695