1 0.34598214285714285 0.7012648809523809 0.07787698412698413 0.24330357142857142
1 0.06101190476190476 0.3560267857142857 0.12103174603174603 0.11383928571428571
1 0.5510912698412698 0.062127976190476185 0.10813492063492064 0.12276785714285714
1 0.5476190476190476 0.2942708333333333 0.0873015873015873 0.20907738095238096
1 0.4146825396825397 0.8964136904761905 0.06349206349206354 0.18717261904761898
1 0.23164682539682538 0.9181547619047619 0.10416666666666666 0.1130952380952381
1 0.2807539682539682 0.21875 0.06349206349206349 0.16517857142857142
1 0.1488095238095238 0.2146577380952381 0.14087301587301587 0.17782738095238096
1 0.6354166666666666 0.296875 0.11011904761904762 0.125
1 0.10391865079365079 0.9308035714285714 0.1780753968253968 0.11607142857142858
1 0.42683531746031744 0.4758184523809524 0.06101190476190476 0.1480654761904762