5 0.23055555555555554 0.3441666666666666 0.09666666666666666 0.285
5 0.3311111111111111 0.4933333333333333 0.1711111111111111 0.15666666666666665
5 0.4294444444444444 0.6233333333333333 0.09888888888888887 0.15333333333333332
5 0.4833333333333333 0.38166666666666665 0.07333333333333333 0.21333333333333332
5 0.58 0.365 0.07777777777777778 0.19333333333333333
5 0.6583333333333333 0.6133333333333333 0.1322222222222222 0.22333333333333333
5 0.7966666666666665 0.635 0.22444444444444442 0.18333333333333332
5 0.69 0.8425 0.12666666666666665 0.255
5 0.5722222222222222 0.7591666666666665 0.08888888888888889 0.145
5 0.49666666666666665 0.7508333333333332 0.062222222222222213 0.16833333333333333
5 0.4205555555555555 0.7658333333333333 0.12111111111111111 0.165
5 0.23666666666666664 0.63 0.10888888888888887 0.19333333333333333
5 0.18611111111111112 0.6941666666666666 0.07222222222222222 0.11833333333333332
5 0.1 0.5058333333333332 0.1 0.165
5 0.12666666666666665 0.23166666666666663 0.13555555555555554 0.17666666666666664
5 0.475 0.1375 0.16777777777777778 0.2583333333333333
5 0.7544444444444445 0.12416666666666666 0.1733333333333333 0.23166666666666663
5 0.13277777777777777 0.6783333333333332 0.09444444444444444 0.21333333333333332
5 0.4066666666666666 0.3833333333333333 0.1311111111111111 0.22
5 0.5088888888888888 0.6283333333333333 0.048888888888888885 0.09333333333333332