14 0.33740234375 0.3264900662251656 0.3115234375 0.3562913907284769
14 0.11572265625 0.44635761589403977 0.1552734375 0.27814569536423844
14 0.18212890625 0.18145695364238412 0.1611328125 0.27284768211920535
14 0.63427734375 0.3264900662251656 0.2392578125 0.27682119205298017
14 0.81689453125 0.1576158940397351 0.2392578125 0.1642384105960265
14 0.5927734375 0.15695364238410597 0.21484375 0.16556291390728478
14 0.64013671875 0.7092715231788079 0.3349609375 0.38278145695364246
14 0.2978515625 0.7854304635761591 0.279296875 0.2622516556291391
14 0.17626953125 0.8721854304635762 0.1611328125 0.2
14 0.19970703125 0.6629139072847683 0.1669921875 0.22384105960264905
14 0.830078125 0.5099337748344371 0.177734375 0.3152317880794702
14 0.87890625 0.8132450331125828 0.171875 0.3390728476821192