5 0.5435505319148937 0.639 0.20013297872340424 0.387
5 0.38314494680851063 0.5485 0.22174202127659573 0.23700000000000002
5 0.19930186170212763 0.4525 0.16456117021276595 0.273
5 0.3178191489361702 0.396 0.09375 0.21
5 0.5797872340425532 0.15350000000000003 0.1988031914893617 0.125
5 0.6776928191489361 0.2665 0.13131648936170212 0.262
5 0.8472406914893617 0.32025 0.2376994680851064 0.16949999999999998
5 0.941156914893617 0.4545 0.11768617021276595 0.266
5 0.940811170212766 0.7930000000000001 0.09837765957446805 0.36900000000000005
5 0.8550531914893617 0.7092499999999999 0.11502659574468085 0.3305
5 0.703623670212766 0.8817500000000001 0.18783244680851063 0.2075
5 0.09308510638297872 0.83825 0.1761968085106383 0.24850000000000003
5 0.42337101063829785 0.14850000000000002 0.11136968085106382 0.17600000000000002
5 0.4576130319148936 0.28425 0.045545212765957445 0.0935
5 0.5285904255319148 0.243 0.10904255319148935 0.08900000000000001
5 0.7574800531914893 0.54925 0.1379654255319149 0.1295
5 0.8176529255319148 0.503 0.036901595744680854 0.07600000000000001