25 0.32254901960784316 0.9268518518518518 0.2803921568627451 0.11666666666666665
25 0.6245098039215686 0.8212962962962962 0.13529411764705881 0.14259259259259258
25 0.3921568627450981 0.49351851851851847 0.11372549019607843 0.19814814814814813
25 0.8254901960784313 0.3481481481481481 0.20784313725490197 0.10740740740740741
25 0.6862745098039216 0.4601851851851852 0.1176470588235294 0.18333333333333332
25 0.6352941176470588 0.3759259259259259 0.11372549019607843 0.1111111111111111
25 0.7352941176470589 0.2722222222222222 0.1450980392156863 0.07407407407407407
25 0.22941176470588234 0.3111111111111111 0.13333333333333333 0.1037037037037037
25 0.3294117647058823 0.38888888888888884 0.1568627450980392 0.25925925925925924
25 0.5480392156862746 0.45740740740740743 0.1431372549019608 0.22592592592592592
25 0.5362745098039216 0.5907407407407407 0.16666666666666669 0.12222222222222222
25 0.3813725490196078 0.7527777777777778 0.26862745098039215 0.21296296296296294
25 0.9038235294117647 0.6879629629629629 0.1723529411764707 0.2574074074074073
25 0.776470588235294 0.8481481481481481 0.2549019607843137 0.25925925925925924