5 0.29388503086419754 0.1707175925925926 0.1421682098765432 0.22511574074074073
5 0.42708333333333326 0.19126157407407407 0.10725308641975309 0.2465277777777778
5 0.28559027777777773 0.34968171296296297 0.15567129629629628 0.12008101851851852
5 0.39641203703703703 0.47554976851851855 0.05709876543209877 0.24971064814814817
5 0.1440972222222222 0.47511574074074076 0.1786265432098765 0.2702546296296296
5 0.16772762345679013 0.7660590277777777 0.10435956790123456 0.3527199074074074
5 0.34741512345679015 0.73828125 0.09375 0.25202546296296297
5 0.45109953703703703 0.6568287037037037 0.16647376543209877 0.16377314814814817
5 0.775366512345679 0.5415219907407408 0.10088734567901234 0.34519675925925924
5 0.9010416666666665 0.6177662037037037 0.1550925925925926 0.1736111111111111
5 0.6474729938271605 0.6187789351851852 0.09934413580246913 0.20167824074074073
5 0.7160493827160493 0.8217592592592592 0.07060185185185185 0.23032407407407407
5 0.870756172839506 0.8631365740740741 0.21141975308641975 0.2465277777777778
5 0.6299189814814814 0.14076967592592593 0.0785108024691358 0.2549189814814815
5 0.7707368827160493 0.27314814814814814 0.21855709876543208 0.16377314814814817