8 0.13348765432098764 0.5986570247933884 0.15200617283950618 0.2830578512396694
8 0.20177469135802467 0.4121900826446281 0.1280864197530864 0.33367768595041325
8 0.16473765432098766 0.1399793388429752 0.2098765432098765 0.2727272727272727
8 0.9033564814814814 0.11363636363636363 0.14467592592592593 0.22623966942148763
8 0.945216049382716 0.5072314049586777 0.10108024691358024 0.6394628099173554
8 0.5162037037037037 0.8811053719008265 0.23379629629629634 0.2177892561983471
8 0.3186728395061728 0.6296487603305786 0.11651234567901234 0.3615702479338843
8 0.5003858024691358 0.4488636363636364 0.14351851851851852 0.16942148760330578
8 0.42091049382716045 0.6942148760330579 0.24074074074074073 0.13739669421487602
8 0.8530092592592592 0.7629132231404959 0.279320987654321 0.18388429752066116
8 0.5933641975308642 0.300103305785124 0.1273148148148148 0.15082644628099173
8 0.7318672839506172 0.21952479338842978 0.10493827160493825 0.22107438016528927
8 0.26195987654320985 0.9089979338842976 0.14814814814814808 0.16200413223140486
8 0.09780092592592592 0.8444318181818181 0.07060185185185185 0.2911363636363636