5 0.4222222222222222 0.22633136094674558 0.16 0.2988165680473373
5 0.3744444444444444 0.4319526627218935 0.15333333333333332 0.26627218934911245
5 0.4444444444444444 0.5029585798816568 0.11555555555555555 0.16568047337278105
5 0.7844444444444444 0.6997041420118343 0.17777777777777778 0.34023668639053256
5 0.6244444444444445 0.8298816568047337 0.1733333333333333 0.22189349112426038
5 0.2833333333333333 0.6390532544378699 0.1311111111111111 0.17159763313609466
5 0.12444444444444443 0.841715976331361 0.13777777777777778 0.2692307692307692
5 0.42666666666666664 0.9275147928994083 0.13777777777777778 0.121301775147929
5 0.7088888888888889 0.17011834319526628 0.14222222222222222 0.2396449704142012
5 0.6566666666666666 0.3505917159763314 0.1622222222222222 0.18639053254437873
5 0.9177777777777777 0.23076923076923075 0.08888888888888889 0.16568047337278105