1 0.27831715210355984 0.78502079002079 0.22006472491909385 0.40995841995842
1 0.47572815533980584 0.21101871101871106 0.24595469255663427 0.3555093555093556
1 0.8252427184466019 0.3264033264033264 0.2071197411003236 0.2286902286902287
1 0.8317152103559871 0.5862785862785863 0.21035598705501615 0.19126819126819128
1 0.7661812297734627 0.7120582120582121 0.19579288025889965 0.20582120582120583
1 0.6027508090614887 0.8837733887733887 0.15372168284789645 0.21245322245322243
1 0.9391747572815534 0.8305613305613306 0.10165048543689323 0.28898128898128905
1 0.1116504854368932 0.4490644490644491 0.22006472491909385 0.2577962577962578
1 0.215210355987055 0.49272349272349275 0.1488673139158576 0.22453222453222454
1 0.2588996763754045 0.3555093555093556 0.15210355987055016 0.13721413721413722
1 0.801779935275081 0.17151767151767153 0.24110032362459546 0.21413721413721415
1 0.616504854368932 0.20582120582120583 0.1035598705501618 0.25363825363825365