18 0.7455555555555555 0.6431980906921241 0.2288888888888889 0.2649164677804296
18 0.6177777777777778 0.756563245823389 0.23555555555555555 0.1957040572792363
18 0.8622222222222221 0.7553699284009546 0.22666666666666666 0.19331742243436753
18 0.6644444444444444 0.16587112171837706 0.24888888888888885 0.22673031026252982
18 0.8466666666666666 0.1730310262529833 0.1688888888888889 0.2601431980906921
18 0.6277777777777778 0.3472553699284009 0.2733333333333333 0.16945107398568018
18 0.37777777777777777 0.31742243436754175 0.2533333333333333 0.20525059665871118
18 0.23666666666666664 0.16348448687350836 0.19333333333333333 0.2649164677804296
18 0.13888888888888887 0.3293556085918854 0.22 0.1766109785202864
18 0.3744444444444444 0.7040572792362768 0.21555555555555553 0.2386634844868735
18 0.14888888888888888 0.6957040572792362 0.2088888888888889 0.23627684964200477
18 0.25888888888888884 0.6288782816229116 0.20666666666666664 0.3221957040572792