5 0.42549070247933884 0.787037037037037 0.09684917355371901 0.2013888888888889
5 0.5453254132231405 0.7608024691358024 0.15263429752066116 0.14891975308641975
5 0.5790289256198347 0.8852391975308642 0.10123966942148754 0.20952160493827165
5 0.6623192148760331 0.7166280864197531 0.12835743801652894 0.13387345679012344
5 0.7715650826446282 0.3904320987654321 0.15211776859504134 0.19290123456790123
5 0.6899535123966942 0.23919753086419754 0.12060950413223141 0.14351851851851852
5 0.5316373966942148 0.2810570987654321 0.07257231404958678 0.1585648148148148
5 0.36557334710743805 0.5275848765432098 0.08910123966942148 0.18248456790123455
5 0.27918388429752067 0.45042438271604934 0.0625 0.08140432098765432
5 0.1984762396694215 0.37654320987654316 0.10046487603305784 0.15432098765432098
5 0.10730888429752067 0.38117283950617287 0.09323347107438018 0.13194444444444442
5 0.18982438016528927 0.45891203703703703 0.12190082644628099 0.10918209876543208
5 0.10369318181818182 0.5453317901234568 0.09323347107438018 0.14467592592592593
5 0.20209194214876036 0.814236111111111 0.1965392561983471 0.2349537037037037
5 0.07476756198347108 0.7472993827160493 0.11699380165289255 0.3001543209876543
5 0.46681301652892565 0.626736111111111 0.17639462809917356 0.14467592592592593
5 0.8308367768595042 0.26967592592592593 0.10537190082644628 0.16820987654320987
5 0.1615444214876033 0.1583719135802469 0.08393595041322315 0.21334876543209877
5 0.30643078512396693 0.08391203703703702 0.05655991735537191 0.13927469135802467
5 0.4496384297520661 0.11921296296296297 0.18078512396694216 0.18441358024691357