26 0.6346938775510204 0.2418032786885246 0.08979591836734695 0.09562841530054646
26 0.38265306122448983 0.6584699453551913 0.0836734693877551 0.14207650273224046
26 0.7081632653061224 0.18579234972677597 0.07755102040816327 0.12021857923497269
26 0.06938775510204082 0.5109289617486339 0.1346938775510204 0.2677595628415301
26 0.11224489795918367 0.7008196721311477 0.11836734693877551 0.11202185792349727
26 0.12755102040816327 0.8333333333333335 0.0836734693877551 0.14207650273224046
26 0.1846938775510204 0.8551912568306012 0.06326530612244899 0.1748633879781421
26 0.2683673469387755 0.9198633879781422 0.10408163265306125 0.14027322404371576
26 0.37142857142857144 0.9376229508196721 0.06938775510204082 0.10475409836065566
26 0.7377551020408164 0.8046448087431695 0.0836734693877551 0.11202185792349727
26 0.846938775510204 0.6475409836065574 0.06122448979591837 0.11475409836065575
26 0.6581632653061225 0.47540983606557385 0.11224489795918367 0.15300546448087432
26 0.6826530612244898 0.621584699453552 0.04285714285714286 0.08469945355191257
26 0.5622448979591836 0.4071038251366121 0.0673469387755102 0.06557377049180328
26 0.7989795918367346 0.23633879781420766 0.17346938775510204 0.12295081967213116
26 0.7112244897959183 0.39344262295081966 0.09183673469387756 0.16939890710382513
26 0.5989795918367347 0.7622950819672131 0.05918367346938776 0.06010928961748634
26 0.44795918367346943 0.8155737704918034 0.0673469387755102 0.06830601092896176
26 0.5244897959183674 0.6448087431693991 0.05714285714285714 0.06557377049180328
26 0.3122448979591837 0.6980874316939891 0.0653061224489796 0.10655737704918034
26 0.22244897959183674 0.6816939890710383 0.07755102040816327 0.1284153005464481