24 0.5172910662824208 0.10892857142857143 0.1988472622478386 0.19642857142857142
24 0.5172910662824208 0.8214285714285714 0.08357348703170028 0.20714285714285716
24 0.10951008645533142 0.780357142857143 0.207492795389049 0.26785714285714285
24 0.14697406340057637 0.5375 0.14985590778097982 0.25357142857142856
24 0.30403458213256485 0.19464285714285715 0.17002881844380405 0.25357142857142856
24 0.786743515850144 0.2517857142857143 0.3285302593659942 0.2392857142857143
24 0.7089337175792507 0.15 0.1037463976945245 0.09285714285714286
24 0.8703170028818444 0.7928571428571429 0.1729106628242075 0.1285714285714286
24 0.6801152737752162 0.725 0.19020172910662825 0.2
24 0.5187319884726225 0.5875 0.09221902017291067 0.2464285714285714
24 0.32708933717579247 0.5660714285714286 0.11815561959654179 0.275
24 0.24639769452449567 0.31607142857142856 0.1527377521613833 0.275
24 0.41066282420749284 0.375 0.31988472622478387 0.22857142857142856
24 0.7046109510086456 0.5482142857142857 0.2680115273775216 0.23214285714285715