5 0.17299270072992698 0.48171846435100546 0.3138686131386861 0.38391224862888484
5 0.37810218978102184 0.46297989031078607 0.16350364963503647 0.2842778793418647
5 0.8952554744525547 0.5018281535648995 0.17007299270072992 0.5100548446069469
5 0.7335766423357665 0.7212065813528337 0.18394160583941604 0.3912248628884826
5 0.5120437956204379 0.632998171846435 0.19489051094890508 0.2422303473491773
5 0.28321167883211673 0.829981718464351 0.20875912408759123 0.2797074954296161
5 0.1937956204379562 0.13893967093235832 0.30583941605839415 0.25594149908592323
5 0.7901459854014599 0.1809872029250457 0.18613138686131386 0.3510054844606947
5 0.6091240875912408 0.13893967093235832 0.2021897810218978 0.18647166361974407
5 0.558029197080292 0.7486288848263254 0.10145985401459853 0.12614259597806216
5 0.583941605839416 0.8446343692870201 0.2656934306569343 0.29073126142595984