3 0.61 0.36416666666666664 0.115 0.19166666666666665
3 0.7175 0.73 0.1075 0.2333333333333333
3 0.435 0.7158333333333333 0.11 0.18833333333333332
3 0.473125 0.5441666666666667 0.13125 0.11833333333333332
3 0.4075 0.39166666666666666 0.1 0.1433333333333333
3 0.239375 0.24916666666666665 0.06875 0.1383333333333333
3 0.299375 0.7216666666666666 0.10875 0.2
3 0.525625 0.3533333333333333 0.07375 0.15666666666666665
3 0.871875 0.4016666666666666 0.09625 0.12666666666666665
3 0.785 0.40833333333333327 0.0925 0.15
3 0.9275 0.645 0.0925 0.15
3 0.894375 0.8108333333333333 0.11875 0.175