14 0.2309375 0.5795833333333333 0.365625 0.42416666666666664
14 0.4575 0.4716666666666666 0.23625 0.2866666666666666
14 0.7284375 0.38625 0.278125 0.18916666666666665
14 0.6815625 0.7383333333333333 0.301875 0.5033333333333334
14 0.3575 0.22375 0.18 0.1575
14 0.43875 0.12708333333333333 0.1625 0.19916666666666663
14 0.533125 0.22291666666666665 0.16875 0.10583333333333332
14 0.4084375 0.73375 0.193125 0.35916666666666663
14 0.8771875 0.68125 0.155625 0.22916666666666663
14 0.9640625 0.6670833333333333 0.051875 0.09583333333333335
14 0.6665625 0.30541666666666667 0.130625 0.11583333333333332