18 0.31217277486910994 0.6437609075043631 0.2238219895287958 0.30410122164048864
18 0.33851439790575916 0.4081588132635253 0.18357329842931935 0.20724258289703315
18 0.4993455497382199 0.6053664921465969 0.17408376963350786 0.2997382198952879
18 0.7982657068062826 0.28512216404886565 0.2712696335078534 0.2587260034904014
18 0.5647905759162304 0.3054101221640489 0.22905759162303663 0.23821989528795812
18 0.7277486910994765 0.10972949389179755 0.21727748691099474 0.21858638743455497
18 0.9069044502617801 0.42931937172774864 0.16982984293193717 0.19546247818499127
18 0.8516034031413612 0.5868237347294939 0.1731020942408377 0.19284467713787085
18 0.7765052356020942 0.44480802792321117 0.12892670157068062 0.13656195462478185
18 0.41492146596858637 0.8754537521815009 0.218586387434555 0.2290924956369983
18 0.18913612565445026 0.8944328097731238 0.16753926701570684 0.19113438045375233
18 0.17801047120418848 0.7340750436300175 0.14986910994764396 0.16884816753926704
18 0.3036649214659686 0.8536212914485166 0.14332460732984292 0.18891797556719023
18 0.5528468586387434 0.831151832460733 0.21106020942408377 0.3150087260034904