10 0.2056924882629108 0.3767605633802817 0.07922535211267606 0.18309859154929575
10 0.28080985915492956 0.37323943661971826 0.04870892018779343 0.1742957746478873
10 0.664906103286385 0.08714788732394366 0.08333333333333334 0.1707746478873239
10 0.4677230046948357 0.6441461267605634 0.1068075117370892 0.23635563380281688
10 0.8952464788732395 0.2290933098591549 0.05457746478873239 0.15360915492957747
10 0.9413145539906104 0.5330105633802816 0.10328638497652581 0.18661971830985913
10 0.21449530516431925 0.6153169014084506 0.12147887323943662 0.1566901408450704
10 0.7743544600938967 0.661531690140845 0.0886150234741784 0.1954225352112676
10 0.619424882629108 0.07768485915492956 0.0710093896713615 0.1351232394366197
10 0.1572769953051643 0.36883802816901406 0.05868544600938967 0.1443661971830986
10 0.716255868544601 0.09529049295774648 0.05457746478873239 0.14216549295774647