5 0.4094955489614243 0.2839248434237996 0.12462908011869436 0.21294363256784968
5 0.5007418397626112 0.4488517745302714 0.08753709198813056 0.1419624217118998
5 0.1231454005934718 0.4102296450939457 0.0801186943620178 0.1524008350730689
5 0.04821958456973294 0.477035490605428 0.09050445103857566 0.11899791231732776
5 0.3175074183976261 0.06889352818371608 0.21958456973293766 0.1336116910229645
5 0.7618694362017804 0.32463465553235904 0.10830860534124628 0.18162839248434237
5 0.89540059347181 0.47599164926931103 0.14985163204747773 0.11691022964509394
5 0.959940652818991 0.2849686847599165 0.0801186943620178 0.2066805845511482
5 0.34272997032640945 0.7828810020876827 0.1661721068249258 0.12526096033402923
5 0.4161721068249258 0.912536534446764 0.08456973293768541 0.15492693110647196
5 0.40281899109792285 0.6064718162839248 0.08753709198813056 0.16910229645093947
5 0.6008902077151335 0.917536534446764 0.10089020771513352 0.06889352818371608
5 0.6313056379821957 0.6858037578288101 0.08456973293768545 0.13987473903966596
5 0.5148367952522255 0.325678496868476 0.06231454005934718 0.1419624217118998
5 0.3902077151335311 0.4519832985386221 0.15430267062314537 0.14405010438413363