25 0.3993055555555556 0.3535353535353536 0.125 0.12121212121212122
25 0.12152777777777776 0.37878787878787884 0.13194444444444445 0.12121212121212122
25 0.36458333333333326 0.5151515151515151 0.125 0.20202020202020204
25 0.10590277777777776 0.7272727272727273 0.08680555555555555 0.18181818181818182
25 0.078125 0.5782828282828283 0.1284722222222222 0.14646464646464646
25 0.2170138888888889 0.7474747474747475 0.12152777777777776 0.19191919191919193
25 0.36979166666666663 0.7045454545454546 0.13541666666666666 0.1767676767676768
25 0.41145833333333326 0.8712121212121212 0.14930555555555555 0.2272727272727273
25 0.8836805555555556 0.446969696969697 0.08680555555555555 0.1767676767676768
25 0.9149305555555556 0.2272727272727273 0.0798611111111111 0.18181818181818182
25 0.7760416666666665 0.24242424242424243 0.13541666666666666 0.08080808080808081
25 0.7864583333333333 0.10606060606060608 0.08680555555555555 0.1414141414141414
25 0.6493055555555556 0.24242424242424243 0.16666666666666663 0.31313131313131315
25 0.10416666666666666 0.18939393939393942 0.11805555555555555 0.14646464646464646
25 0.17881944444444442 0.10353535353535355 0.10069444444444445 0.18686868686868688
25 0.24305555555555552 0.18686868686868688 0.09722222222222221 0.11111111111111112