25 0.69921875 0.7715430861723448 0.12760416666666669 0.22444889779559118
25 0.7669270833333335 0.4939879759519038 0.13541666666666669 0.15030060120240482
25 0.400390625 0.8697394789579158 0.2565104166666667 0.22444889779559118
25 0.36979166666666674 0.4348697394789579 0.11458333333333334 0.22444889779559118
25 0.5162760416666667 0.15631262525050102 0.24869791666666669 0.30060120240480964
25 0.5904947916666667 0.467935871743487 0.19401041666666669 0.15430861723446893
25 0.5722656250000001 0.2895791583166333 0.15494791666666669 0.25050100200400804
25 0.36393229166666674 0.656312625250501 0.14453125000000003 0.15831663326653309
25 0.451171875 0.4158316633266533 0.11588541666666669 0.20240480961923846
25 0.22526041666666669 0.7565130260521041 0.19010416666666669 0.35070140280561124
25 0.236328125 0.3557114228456914 0.13671875000000003 0.30260521042084165