5 0.21400000000000002 0.6106666666666666 0.33399999999999996 0.3813333333333333
5 0.398 0.7233333333333333 0.31200000000000006 0.19866666666666666
5 0.524 0.5953333333333333 0.22400000000000003 0.228
5 0.645 0.7666666666666667 0.256 0.19466666666666665
5 0.8525 0.754 0.21100000000000002 0.2333333333333333
5 0.5395 0.8843333333333334 0.12299999999999997 0.21133333333333326
5 0.3145 0.8866666666666667 0.157 0.21866666666666668
5 0.13149999999999998 0.915 0.195 0.15
5 0.158 0.20066666666666666 0.18 0.1
5 0.275 0.32066666666666666 0.10400000000000001 0.3133333333333333
5 0.361 0.342 0.07600000000000001 0.22
5 0.543 0.22266666666666665 0.15 0.18666666666666668
5 0.597 0.30733333333333335 0.23 0.20666666666666667
5 0.8805000000000001 0.43333333333333335 0.14100000000000001 0.3306666666666666
5 0.7795000000000001 0.048666666666666664 0.22700000000000004 0.09466666666666666