10 0.6145454545454545 0.5389817024661894 0.16 0.14081145584725538
10 0.6672727272727274 0.55648369132856 0.12606060606060607 0.1105807478122514
10 0.8539393939393939 0.5071599045346062 0.15515151515151515 0.12012728719172633
10 0.8524242424242425 0.5700079554494829 0.12666666666666668 0.1630867143993636
10 0.5287878787878788 0.611376292760541 0.11090909090909092 0.11535401750198887
10 0.44363636363636366 0.8285600636435959 0.10424242424242423 0.18217979315831342
10 0.5375757575757576 0.29236276849642 0.04363636363636363 0.19649960222752585
10 0.8336363636363636 0.35958631662688945 0.18727272727272726 0.1766109785202864
10 0.8454545454545455 0.1173428798727128 0.20242424242424242 0.07239459029435164
10 0.6 0.12370723945902944 0.1006060606060606 0.0739856801909308
10 0.5475757575757576 0.10182975338106603 0.04787878787878788 0.11774065234685759
10 0.3793939393939394 0.6420047732696897 0.1393939393939394 0.12092283214001592
10 0.8530303030303031 0.441527446300716 0.1921212121212121 0.09228321400159109