10 0.3475877192982456 0.5274122807017544 0.0935672514619883 0.3826754385964912
10 0.6001461988304093 0.7916666666666665 0.1074561403508772 0.40679824561403505
10 0.6748903508771931 0.7623355263157895 0.07419590643274854 0.47313596491228066
10 0.7874634502923976 0.7798135964912281 0.16483918128654979 0.4203728070175438
10 0.8442982456140351 0.7478070175438596 0.11769005847953215 0.3059210526315789
10 0.7298976608187133 0.45339912280701755 0.26023391812865493 0.20394736842105263
10 0.9173976608187133 0.32565789473684204 0.16301169590643272 0.13925438596491227
10 0.2445175438596491 0.5235745614035088 0.10380116959064328 0.5614035087719298
10 0.42799707602339176 0.6403508771929824 0.1154970760233918 0.3125
10 0.12426900584795321 0.34813596491228066 0.13961988304093567 0.2412280701754386
10 0.5073099415204678 0.40570175438596484 0.23464912280701752 0.1699561403508772
10 0.513157894736842 0.7669956140350876 0.0489766081871345 0.33771929824561403
10 0.46747076023391815 0.29660087719298245 0.24707602339181287 0.1732456140350877
10 0.3640350877192982 0.10197368421052631 0.07675438596491228 0.16337719298245612