18 0.12247278382581647 0.49640287769784175 0.21228615863141523 0.1553956834532374
18 0.2115085536547434 0.38741007194244603 0.16796267496111972 0.17913669064748203
18 0.24961119751166408 0.5615107913669065 0.15552099533437014 0.1920863309352518
18 0.2406687402799378 0.7017985611510791 0.19206842923794715 0.11726618705035971
18 0.3324261275272162 0.7949640287769784 0.12519440124416797 0.15107913669064746
18 0.3635303265940902 0.6582733812949639 0.11430793157076206 0.14532374100719422
18 0.4490668740279938 0.7679856115107913 0.12674961119751166 0.1474820143884892
18 0.4762830482115086 0.6183453237410071 0.13297045101088648 0.1906474820143885
18 0.5975894245723172 0.5035971223021583 0.21384136858475894 0.12661870503597122
18 0.4405132192846034 0.3496402877697842 0.19206842923794715 0.13237410071942446
18 0.42534992223950235 0.22697841726618706 0.16796267496111972 0.15179856115107915
18 0.2725505443234837 0.2913669064748201 0.1827371695178849 0.14532374100719422
18 0.6426905132192846 0.8154676258992805 0.2060653188180404 0.19496402877697838
18 0.7418351477449455 0.6723021582733812 0.2426127527216174 0.16762589928057556
18 0.8732503888024883 0.574820143884892 0.06998444790046657 0.11942446043165468
18 0.8468118195956454 0.5201438848920863 0.1057542768273717 0.06762589928057554
18 0.94751166407465 0.5528776978417266 0.08942457231726283 0.08705035971223021
18 0.7585536547433904 0.4079136690647482 0.10186625194401244 0.14676258992805755
18 0.8269828926905132 0.3420863309352518 0.1516329704510109 0.11726618705035971
18 0.6982892690513219 0.3453237410071942 0.16485225505443235 0.08489208633093526
18 0.7095645412130638 0.26834532374100717 0.12363919129082426 0.14244604316546763
18 0.7278382581648521 0.1726618705035971 0.13530326594090203 0.08633093525179855
18 0.6232503888024883 0.26043165467625895 0.13452566096423016 0.1366906474820144
18 0.8767496111975116 0.08057553956834532 0.10342146189735614 0.15971223021582734
18 0.9121306376360809 0.16151079136690646 0.16018662519440124 0.10863309352517986
18 0.7752721617418351 0.12194244604316547 0.14774494556765164 0.13741007194244603
18 0.2056765163297045 0.1733812949640288 0.13141524105754276 0.14964028776978416
18 0.2208398133748056 0.07841726618705035 0.13374805598755832 0.08345323741007193
18 0.09603421461897357 0.11906474820143885 0.13763608087091758 0.10575539568345324