5 0.29900000000000004 0.6473333333333333 0.268 0.252
5 0.382 0.7573333333333333 0.172 0.32799999999999996
5 0.5840000000000001 0.6333333333333333 0.28800000000000003 0.2533333333333333
5 0.7040000000000001 0.44799999999999995 0.14400000000000002 0.24
5 0.867 0.39666666666666667 0.24599999999999994 0.23066666666666663
5 0.612 0.382 0.268 0.22266666666666665
5 0.3945 0.39399999999999996 0.16699999999999998 0.28933333333333333
5 0.343 0.198 0.18 0.2733333333333333
5 0.14550000000000002 0.06266666666666666 0.245 0.12266666666666666
5 0.17 0.48333333333333334 0.15600000000000003 0.29466666666666663
5 0.07300000000000001 0.7286666666666666 0.14400000000000002 0.17733333333333334
5 0.15600000000000003 0.81 0.15200000000000002 0.3213333333333333
5 0.8960000000000001 0.24466666666666664 0.132 0.22
5 0.6365000000000001 0.25266666666666665 0.193 0.15066666666666667
5 0.535 0.09333333333333334 0.21200000000000002 0.14666666666666667