4 0.38695781342840163 0.6824919871794873 0.14705882352941177 0.3914262820512821
4 0.15582293523469992 0.5889423076923077 0.10962566844919787 0.22916666666666669
4 0.5307486631016043 0.31009615384615385 0.16607248960190138 0.28125000000000006
4 0.8498217468805704 0.5608974358974359 0.27124183006535946 0.2660256410256411
4 0.7534165181224004 0.26903044871794873 0.09982174688057041 0.15424679487179488
4 0.6281937017231134 0.08513621794871795 0.11259655377302435 0.11338141025641027
4 0.44845513963161016 0.34234775641025644 0.16607248960190138 0.29286858974358976
4 0.18790849673202614 0.43129006410256415 0.08229352346999405 0.13982371794871795
4 0.03000594177064765 0.4356971153846154 0.059417706476530004 0.19591346153846156
4 0.19875222816399288 0.20332532051282054 0.1105169340463458 0.16866987179487183
4 0.3489304812834224 0.4138621794871795 0.10130718954248366 0.11057692307692309
4 0.2704991087344028 0.8822195512820514 0.08169934640522875 0.21556089743589738
4 0.9073083778966132 0.2920673076923077 0.0707070707070707 0.31730769230769235
4 0.4389483065953654 0.48577724358974367 0.10130718954248366 0.2608173076923077
4 0.6078431372549019 0.15665064102564105 0.12418300653594772 0.08012820512820512