18 0.48444444444444446 0.4787234042553192 0.2222222222222222 0.3446808510638298
18 0.31222222222222223 0.602127659574468 0.2866666666666666 0.2042553191489362
18 0.61 0.601063829787234 0.2644444444444444 0.2148936170212766
18 0.2011111111111111 0.7159574468085107 0.34444444444444444 0.1723404255319149
18 0.28444444444444444 0.8531914893617021 0.2311111111111111 0.16595744680851063
18 0.2311111111111111 0.2521276595744681 0.2 0.2531914893617021
18 0.2766666666666666 0.10638297872340426 0.2644444444444444 0.15319148936170213
18 0.13555555555555554 0.18936170212765957 0.12444444444444443 0.2170212765957447
18 0.6622222222222222 0.10851063829787234 0.28444444444444444 0.17446808510638298
18 0.6988888888888889 0.28617021276595744 0.1622222222222222 0.24893617021276598
18 0.8455555555555556 0.15106382978723404 0.15777777777777777 0.1957446808510638
18 0.6977777777777777 0.8723404255319148 0.2533333333333333 0.17446808510638298
18 0.7155555555555556 0.6585106382978724 0.19555555555555554 0.3170212765957447