5 0.1558641975308642 0.22016460905349797 0.13734567901234565 0.1522633744855967
5 0.08256172839506172 0.3922325102880659 0.08487654320987653 0.18569958847736626
5 0.4909336419753086 0.7916666666666667 0.10300925925925926 0.19958847736625515
5 0.5864197530864197 0.7196502057613169 0.0787037037037037 0.25308641975308643
5 0.5401234567901234 0.5928497942386831 0.11342592592592592 0.13734567901234568
5 0.6101466049382716 0.49511316872427985 0.17476851851851852 0.17746913580246915
5 0.49209104938271603 0.2463991769547325 0.12770061728395063 0.24279835390946503
5 0.6234567901234568 0.11882716049382717 0.16203703703703703 0.1388888888888889
5 0.3501157407407407 0.9301851851851852 0.16242283950617278 0.11962962962962961
5 0.2970679012345679 0.8091563786008231 0.15046296296296297 0.09156378600823045
5 0.5300925925925926 0.9150102880658436 0.09799382716049379 0.14997942386831284
5 0.6089891975308642 0.8852880658436214 0.06520061728395062 0.15329218106995884
5 0.6938657407407408 0.8292181069958847 0.17708333333333331 0.1522633744855967
5 0.24652777777777776 0.3042695473251029 0.1118827160493827 0.17952674897119342