23 0.4908333333333333 0.4233333333333333 0.22666666666666666 0.22666666666666666
23 0.8954166666666665 0.5688888888888889 0.20916666666666664 0.14444444444444443
23 0.23791666666666664 0.27055555555555555 0.18583333333333332 0.4611111111111111
23 0.3925 0.29388888888888887 0.20166666666666663 0.5033333333333333
23 0.7595833333333333 0.15777777777777777 0.2525 0.3
23 0.9004166666666665 0.7655555555555555 0.17416666666666664 0.29333333333333333
23 0.68625 0.7438888888888888 0.2008333333333333 0.31222222222222223
23 0.6479166666666666 0.46388888888888885 0.20916666666666664 0.27
23 0.4495833333333333 0.8122222222222222 0.2358333333333333 0.3733333333333333
23 0.34041666666666665 0.6827777777777777 0.21916666666666665 0.25
23 0.18333333333333332 0.6777777777777777 0.20833333333333331 0.4133333333333333
23 0.0775 0.4244444444444444 0.14833333333333332 0.4977777777777777