3 0.26875 0.319055944055944 0.39 0.2954545454545454
3 0.820625 0.5358391608391608 0.33125 0.21853146853146854
3 0.233125 0.6879370629370629 0.35375 0.3444055944055944
3 0.465 0.631118881118881 0.155 0.32517482517482516
3 0.74125 0.8114335664335663 0.2625 0.3571328671328672
3 0.49 0.9012237762237761 0.1525 0.19755244755244752
3 0.524375 0.2027972027972028 0.11875 0.4020979020979021
3 0.773125 0.2928321678321678 0.35125 0.31643356643356646
3 0.344375 0.14248251748251747 0.20125 0.28146853146853146
3 0.71125 0.13199300699300698 0.21 0.26048951048951047
3 0.353125 0.87 0.16625 0.24