25 0.653125 0.7136038186157517 0.06041666666666667 0.11933174224343675
25 0.8552083333333335 0.4212410501193318 0.11875 0.14081145584725538
25 0.725 0.5071599045346062 0.13333333333333333 0.12171837708830548
25 0.43541666666666673 0.7136038186157517 0.075 0.09069212410501193
25 0.49583333333333335 0.6324582338902147 0.09166666666666667 0.10501193317422435
25 0.5291666666666667 0.6026252983293555 0.0625 0.11217183770883053
25 0.409375 0.5369928400954653 0.05208333333333334 0.08114558472553698
25 0.43020833333333336 0.44272076372315033 0.12708333333333333 0.116945107398568
25 0.25833333333333336 0.6133651551312649 0.08333333333333334 0.16229116945107397
25 0.17395833333333335 0.5799522673031026 0.09375 0.11933174224343675
25 0.1375 0.4916467780429594 0.14583333333333334 0.12410501193317422
25 0.7010416666666667 0.7147971360381861 0.06041666666666667 0.09785202863961814
25 0.6833333333333335 0.620525059665871 0.0625 0.13842482100238662
25 0.7958333333333334 0.5990453460620525 0.10833333333333334 0.10501193317422435