1 0.6233333333333333 0.45711835334476847 0.10666666666666666 0.3619210977701544
1 0.7977777777777777 0.3962264150943396 0.22444444444444442 0.1955403087478559
1 0.8344444444444444 0.6432246998284734 0.09333333333333332 0.24699828473413377
1 0.6405555555555555 0.70926243567753 0.18555555555555553 0.21097770154373927
1 0.4077777777777778 0.474271012006861 0.18444444444444444 0.26586620926243565
1 0.4672222222222222 0.7984562607204115 0.18333333333333332 0.23499142367066894
1 0.8394444444444444 0.8481989708404802 0.23444444444444443 0.23156089193825044
1 0.7383333333333333 0.8937993138936535 0.16333333333333344 0.19240137221269293
1 0.25888888888888884 0.38507718696397936 0.11333333333333333 0.40308747855917665
1 0.4122222222222222 0.281303602058319 0.1111111111111111 0.2538593481989708
1 0.16055555555555553 0.7246998284734133 0.14777777777777776 0.2521440823327616
1 0.31 0.846483704974271 0.14222222222222222 0.1595197255574614
1 0.5194444444444444 0.32246998284734135 0.17666666666666664 0.20926243567753