5 0.16394716394716394 0.15692307692307694 0.09324009324009325 0.10461538461538461
5 0.1721056721056721 0.2830769230769231 0.10644910644910645 0.08307692307692309
5 0.053613053613053616 0.3423076923076923 0.09634809634809635 0.09692307692307693
5 0.14840714840714841 0.4134615384615385 0.08857808857808858 0.09461538461538462
5 0.32634032634032634 0.21384615384615388 0.09013209013209013 0.14153846153846156
5 0.4662004662004662 0.2830769230769231 0.14763014763014762 0.08923076923076924
5 0.49261849261849255 0.17346153846153847 0.12587412587412586 0.12384615384615386
5 0.5567210567210568 0.2180769230769231 0.14219114219114218 0.07461538461538461
5 0.32634032634032634 0.3253846153846154 0.10878010878010878 0.07846153846153847
5 0.14996114996114995 0.505 0.08391608391608392 0.10692307692307694
5 0.24553224553224554 0.5234615384615384 0.11810411810411811 0.08076923076923076
5 0.4087024087024087 0.415 0.11188811188811189 0.0976923076923077
5 0.3749028749028749 0.48192307692307695 0.11732711732711731 0.08692307692307694
5 0.08275058275058274 0.11038461538461539 0.0909090909090909 0.10692307692307694
5 0.6390831390831391 0.42692307692307696 0.07536907536907536 0.12461538461538461
5 0.7152292152292152 0.4853846153846154 0.13442113442113443 0.10923076923076923
5 0.6122766122766122 0.5234615384615384 0.07459207459207459 0.12538461538461537
5 0.6577311577311578 0.6153846153846154 0.10023310023310023 0.08307692307692309
5 0.7354312354312355 0.6396153846153847 0.108003108003108 0.10384615384615385
5 0.8372183372183372 0.6407692307692308 0.10023310023310023 0.08153846153846155
5 0.8038073038073038 0.7434615384615385 0.11888111888111888 0.10692307692307694
5 0.6721056721056721 0.7646153846153847 0.09013209013209013 0.10461538461538461
5 0.7004662004662005 0.9461538461538462 0.10489510489510488 0.10461538461538461
5 0.6083916083916083 0.9384615384615386 0.07459207459207459 0.11846153846153847
5 0.5283605283605284 0.9011538461538463 0.0808080808080808 0.11923076923076924
5 0.6534576534576534 0.85 0.17715617715617715 0.07230769230769231
5 0.28205128205128205 0.8623076923076924 0.08702408702408702 0.06461538461538462
5 0.24320124320124317 0.9357692307692308 0.07459207459207459 0.10538461538461538
5 0.21561771561771562 0.8423076923076924 0.08935508935508935 0.08923076923076924
5 0.2606837606837607 0.7842307692307693 0.11266511266511266 0.06846153846153846
5 0.2754467754467754 0.655 0.09557109557109557 0.15307692307692308
5 0.20046620046620045 0.63 0.08391608391608392 0.13846153846153847
5 0.3923853923853924 0.696923076923077 0.10101010101010101 0.08923076923076924
5 0.47707847707847706 0.5761538461538462 0.07925407925407925 0.12461538461538461
5 0.5093240093240093 0.6534615384615385 0.09867909867909867 0.08692307692307694
5 0.6029526029526029 0.6873076923076924 0.0979020979020979 0.09461538461538462