25 0.7753779697624189 0.8722995679308688 0.175377969762419 0.1843494959193471
25 0.6688984881209502 0.3295727316370619 0.06177105831533477 0.08017282765242438
25 0.6354211663066954 0.3682189150264042 0.0898488120950324 0.07969275084013443
25 0.6265658747300216 0.1651464234277484 0.3071274298056155 0.1497839654344695
25 0.21706263498920084 0.18650984157465192 0.4280777537796976 0.20883341334613537
25 0.12721382289416847 0.6466634661545847 0.25356371490280777 0.6308209313490158
25 0.27473002159827214 0.5091214594335094 0.1978401727861771 0.2328372539606337
25 0.5071274298056155 0.43855016802688424 0.1200863930885529 0.1243398943831013
25 0.4064794816414687 0.40710513682189153 0.11231101511879048 0.16034565530484876
25 0.49611231101511877 0.6675468074891983 0.14730021598272136 0.22899663946231397
25 0.7319654427645789 0.6303408545367258 0.19136069114470844 0.11617858857417186
25 0.8559395248380128 0.7208353336533846 0.28812095032397406 0.14258281325012
25 0.6565874730021598 0.8089294287085933 0.16501079913606911 0.2169947191550648