10 0.44689542483660133 0.4698223039215686 0.23366013071895422 0.5217524509803921
10 0.8082107843137255 0.43183210784313725 0.10008169934640523 0.31893382352941174
10 0.641952614379085 0.7159926470588235 0.30269607843137253 0.25980392156862747
10 0.5351307189542484 0.9082414215686273 0.33986928104575165 0.18351715686274508
10 0.19832516339869283 0.7271752450980392 0.3084150326797386 0.17861519607843135
10 0.49693627450980393 0.7759436274509803 0.14256535947712423 0.4281127450980392
10 0.7998366013071896 0.7725183823529411 0.11437908496732026 0.24601715686274508
10 0.2800245098039216 0.1058517156862745 0.497140522875817 0.20373774509803919
10 0.7691013071895425 0.10661764705882354 0.44179738562091503 0.1452205882352941
10 0.25040849673202614 0.32291666666666663 0.3733660130718954 0.19852941176470587
10 0.2406045751633987 0.5755208333333333 0.2720588235294118 0.2852328431372549