3 0.28564453125 0.64453125 0.1611328125 0.14843750000000003
3 0.4482421875 0.6282552083333334 0.138671875 0.10286458333333334
3 0.34326171875 0.5449218750000001 0.1435546875 0.10546875
3 0.1708984375 0.392578125 0.23046875 0.12109375
3 0.44677734375 0.26953125000000006 0.1103515625 0.1171875
3 0.4833984375 0.14453125000000003 0.0859375 0.16145833333333337
3 0.638671875 0.19791666666666669 0.130859375 0.14322916666666669
3 0.5546875 0.08658854166666669 0.11328125 0.11328125
3 0.80712890625 0.7298177083333335 0.1455078125 0.26171875000000006
3 0.92626953125 0.7330729166666667 0.1318359375 0.26302083333333337
3 0.9033203125 0.5436197916666667 0.109375 0.12890625000000003
3 0.87646484375 0.373046875 0.1435546875 0.10286458333333334
3 0.7412109375 0.32096354166666674 0.138671875 0.08723958333333334
3 0.6025390625 0.5442708333333334 0.12890625 0.07291666666666667
3 0.51513671875 0.685546875 0.0849609375 0.19140625
3 0.4814453125 0.5149739583333334 0.06640625 0.11848958333333334
3 0.53857421875 0.42708333333333337 0.0439453125 0.13020833333333334
3 0.248046875 0.14713541666666669 0.083984375 0.09895833333333334
3 0.267578125 0.046875 0.0859375 0.08854166666666669
3 0.056640625 0.11263020833333334 0.107421875 0.08723958333333334
3 0.03173828125 0.21875 0.0576171875 0.109375
3 0.12646484375 0.20833333333333337 0.0966796875 0.1171875
3 0.1708984375 0.5748697916666667 0.11328125 0.10546875
3 0.06005859375 0.6829427083333335 0.0908203125 0.13151041666666669
3 0.7001953125 0.06445312500000001 0.087890625 0.10286458333333334