15 0.4040000000000001 0.4783393501805054 0.198 0.23465703971119134
15 0.49400000000000005 0.6083032490974729 0.19400000000000003 0.20577617328519854
15 0.77 0.7117930204572803 0.19200000000000003 0.17930204572803848
15 0.6275 0.7322503008423585 0.14100000000000001 0.210589651022864
15 0.6885000000000001 0.6004813477737665 0.165 0.20697954271961494
15 0.804 0.33634175691937424 0.154 0.21299638989169672
15 0.6655 0.3574007220216606 0.109 0.21901323706377857
15 0.684 0.5 0.15 0.10950661853188928
15 0.5720000000000001 0.35379061371841153 0.10600000000000001 0.2286401925391095
15 0.8745 0.15162454873646208 0.165 0.21179302045728035
15 0.742 0.18351383874849578 0.11200000000000002 0.21540312876052947
15 0.4475 0.27797833935018046 0.127 0.2527075812274368
15 0.3225 0.2882069795427196 0.159 0.17930204572803848
15 0.23800000000000002 0.5174488567990373 0.132 0.17569193742478942
15 0.11800000000000001 0.5354993983152828 0.16 0.17087845968712392
15 0.3515 0.7845968712394705 0.157 0.20216606498194944
15 0.228 0.6774969915764139 0.166 0.17087845968712392
15 0.1425 0.763537906137184 0.127 0.2490974729241877
15 0.08800000000000001 0.4235860409145607 0.17400000000000002 0.1444043321299639
15 0.187 0.27557160048134777 0.128 0.19735258724428398
15 0.086 0.22623345367027678 0.126 0.22382671480144403
15 0.24050000000000002 0.16004813477737664 0.159 0.09867629362214199
15 0.14700000000000002 0.105294825511432 0.11600000000000002 0.1624548736462094