10 0.16899999999999998 0.2813834329632792 0.22066666666666668 0.4192997438087105
10 0.162 0.6511528608027326 0.23733333333333334 0.4073441502988899
10 0.423 0.5952177625960717 0.32733333333333337 0.17591801878736124
10 0.32733333333333337 0.7668659265584971 0.15066666666666667 0.21690862510674638
10 0.467 0.7258753202391119 0.21266666666666667 0.16396242527754054
10 0.7963333333333332 0.6135781383432963 0.31933333333333336 0.3441502988898377
10 0.7373333333333334 0.7062339880444065 0.37066666666666664 0.192997438087105
10 0.789 0.12852263023057214 0.33799999999999997 0.19726729291204098
10 0.6323333333333333 0.21093082835183605 0.19 0.12297181895815543
10 0.7803333333333333 0.24380871050384287 0.29266666666666663 0.13748932536293768
10 0.4053333333333333 0.23014517506404783 0.35333333333333333 0.2758326216908625
10 0.4453333333333333 0.35354397950469685 0.38799999999999996 0.1605465414175918