10 0.154 0.512 0.064 0.10800000000000001
10 0.23 0.5940000000000001 0.05600000000000001 0.11200000000000002
10 0.308 0.7390000000000001 0.064 0.114
10 0.524 0.654 0.04 0.08
10 0.527 0.758 0.046000000000000006 0.11200000000000002
10 0.7190000000000001 0.74 0.05 0.11200000000000002
10 0.784 0.628 0.044000000000000004 0.09200000000000001
10 0.585 0.345 0.09 0.046000000000000006
10 0.49300000000000005 0.37 0.08200000000000002 0.08
10 0.48300000000000004 0.21400000000000002 0.05800000000000001 0.07200000000000001
10 0.276 0.314 0.05600000000000001 0.068
10 0.32800000000000007 0.44800000000000006 0.036000000000000004 0.068
10 0.69 0.267 0.04 0.11
10 0.6410000000000001 0.333 0.07 0.098
10 0.667 0.509 0.054000000000000006 0.07400000000000001
10 0.54 0.5980000000000001 0.044000000000000004 0.09200000000000001
10 0.55 0.452 0.04800000000000001 0.07600000000000001
10 0.42200000000000004 0.502 0.052000000000000005 0.068
10 0.386 0.205 0.064 0.066
10 0.779 0.258 0.054000000000000006 0.07200000000000001
10 0.693 0.629 0.09 0.062
10 0.223 0.153 0.10600000000000001 0.05