10 0.2553333333333333 0.20203951561504144 0.33866666666666667 0.26513702995538563
10 0.248 0.42861695347355 0.44799999999999995 0.15105162523900575
10 0.775 0.5117909496494583 0.306 0.24346717654557043
10 0.5206666666666666 0.5844486934353091 0.19733333333333333 0.26003824091778205
10 0.6856666666666666 0.7644996813256851 0.39266666666666666 0.1905672402804334
10 0.746 0.8339706819630338 0.392 0.12300828553218611
10 0.2796666666666667 0.6679413639260676 0.26866666666666666 0.212874442319949
10 0.20600000000000002 0.7323135755258128 0.33466666666666667 0.14404079031230083
10 0.251 0.8260038240917783 0.3753333333333333 0.12237093690248567
10 0.578 0.18961121733588274 0.19866666666666666 0.34735500318674317
10 0.6706666666666666 0.234225621414914 0.3426666666666667 0.24792861695347354
10 0.7346666666666667 0.278521351179095 0.39333333333333337 0.1631612492033142