21 0.35475 0.5498333333333334 0.11200000000000002 0.243
21 0.262375 0.4871666666666667 0.09175000000000001 0.18100000000000002
21 0.16662500000000002 0.6101666666666666 0.08575 0.29033333333333333
21 0.23275 0.38 0.1275 0.1
21 0.39575000000000005 0.39016666666666666 0.14400000000000002 0.111
21 0.36362500000000003 0.3116666666666667 0.15825 0.10933333333333334
21 0.209375 0.3125 0.11425 0.11433333333333334
21 0.191 0.245 0.1275 0.154
21 0.08925000000000001 0.5523333333333333 0.11900000000000001 0.13333333333333333
21 0.22425 0.9011666666666666 0.11350000000000002 0.1776666666666668
21 0.202375 0.7766666666666667 0.12625 0.12533333333333332
21 0.249375 0.6846666666666666 0.11325000000000002 0.09066666666666666
21 0.35475 0.9045000000000001 0.12400000000000003 0.17099999999999993
21 0.385625 0.7878333333333333 0.11675 0.135
21 0.456 0.8121666666666667 0.0855 0.165
21 0.5357500000000001 0.8996666666666667 0.1215 0.18733333333333335
21 0.5690000000000001 0.6475 0.081 0.19366666666666668
21 0.538625 0.7156666666666667 0.11325000000000002 0.10800000000000001
21 0.62675 0.6148333333333333 0.10850000000000001 0.195
21 0.5927500000000001 0.4728333333333333 0.15 0.11766666666666666
21 0.518375 0.3665 0.06775 0.127
21 0.4065000000000001 0.3893333333333333 0.1465 0.046
21 0.38862500000000005 0.10300000000000001 0.07025 0.08866666666666667
21 0.7742500000000001 0.7266666666666667 0.10600000000000001 0.29533333333333334
21 0.8772500000000001 0.4721666666666667 0.1715 0.16033333333333333
21 0.9148750000000001 0.6131666666666666 0.11325000000000002 0.14766666666666667
21 0.9016250000000001 0.3363333333333333 0.12975 0.13666666666666666
21 0.71125 0.39516666666666667 0.0965 0.06033333333333333
21 0.6308750000000001 0.31566666666666665 0.19275000000000003 0.11133333333333333
21 0.651125 0.17916666666666667 0.10475000000000001 0.111
21 0.46125 0.2053333333333333 0.10100000000000002 0.11599999999999999
21 0.340875 0.2528333333333333 0.12025000000000001 0.08433333333333333
21 0.435625 0.5663333333333334 0.08325 0.21266666666666667