24 0.07804232804232804 0.26260869565217393 0.1164021164021164 0.1252173913043478
24 0.7334656084656085 0.8921739130434783 0.08333333333333331 0.11130434782608695
24 0.8293650793650794 0.6069565217391304 0.11375661375661375 0.07304347826086956
24 0.3306878306878307 0.7295652173913044 0.11375661375661375 0.1408695652173913
24 0.6772486772486772 0.7913043478260868 0.12698412698412698 0.10782608695652174
24 0.7466931216931216 0.46 0.09920634920634921 0.1617391304347826
24 0.5059523809523809 0.6321739130434783 0.08333333333333331 0.10260869565217391
24 0.3988095238095238 0.5452173913043478 0.09391534391534391 0.10608695652173912
24 0.4074074074074074 0.8304347826086956 0.0582010582010582 0.1826086956521739
24 0.6256613756613756 0.6591304347826088 0.10052910052910052 0.16695652173913042
24 0.6474867724867724 0.3069565217391304 0.04894179894179894 0.2034782608695652
24 0.580026455026455 0.568695652173913 0.08068783068783068 0.08695652173913043
24 0.4761904761904761 0.42086956521739133 0.082010582010582 0.14956521739130435